0.6377914714813232
0.6396672892570495
0.641458455324173
0.631064110994339
0.6380007219314575
0.6308844947814941
0.6373143839836121
0.630538250207901
0.6320030856132507
0.6518961489200592
0.6449527871608735
0.6371376824378967
0.6406673139333725
0.6304839742183685
0.644309538602829
0.6511585795879364
0.6386762630939483
0.6443691277503967
0.6460308241844177
0.6359292936325073
0.6551441586017609
0.646775324344635
0.651993522644043
0.6369838607311249
0.6456723475456237
0.6444265460968017
0.6546616137027741
0.6523673379421234
0.6450535637140274
0.6392549622058868
0.6428551268577576
0.6431884121894836
0.6524832177162171
0.647953132390976
0.639631278514862
0.6474931609630584
0.6520065379142761
0.63834508061409
0.6375902378559113
0.6391925895214081
0.6207794845104218
0.6522811686992646
0.6382569813728333
0.6288544809818268
0.6523649430274964
0.6413692152500152
0.6298954451084137
0.6328078615665436
0.6379157757759094
0.6422617816925049
0.6251825308799743
0.6127980291843415
0.6290193200111389
0.6225081598758697
0.6121996659040451
0.6239523804187774
0.6357790291309356
0.6277561807632446
0.6289001607894897
0.6257192158699035
0.6228629446029663
0.6282494413852692
0.6171210551261902
0.6187508916854858
0.6237160742282868
0.6080361926555633
0.6343105792999267
0.6235969960689545
0.635431170463562
0.6188481771945953
0.6104044651985169
0.6279351949691773
0.6219216895103454
0.6185333907604218
0.6214851081371308
0.6100582033395767
0.6108102142810822
0.6216201788187027
0.6153608894348145
0.6201076602935791
0.6175769388675689
0.6138594269752502
0.6442380499839783
0.6100364911556244
0.6273744428157806
0.6199498510360718
0.6237167298793793
0.6196091842651367
0.6104310476779937
0.6078232538700103
0.6189171302318573
0.633713276386261
0.6349676048755646
0.6126903831958771
0.6246906960010529
0.6201913869380951
0.6211068546772003
0.635227061510086
0.6186300313472748
0.6138207542896271
0.6223342370986938
0.6193329668045044
0.6211183381080627
0.6119950330257415
0.6170346176624298
0.6109252405166626
0.6177025020122529
0.6084378719329834
0.6226044368743896
0.6179793477058411
0.6293017315864563
0.6269278347492218
0.6171284735202789
0.6190241944789886
0.6126502048969269
0.6282788932323455
0.6185759484767914
0.6094887793064118
0.6132622671127319
0.6392400205135346
0.6235270929336548
0.6270183420181275
0.6291710638999939
0.5979750680923462
0.6263691663742066
0.6281784427165985
0.6147431182861328
0.6230221927165985
0.6148114132881165
0.6252127051353454
0.6221989929676056
0.6317182064056397
0.6315823769569398
0.6161726170778274
0.617660585641861
0.6237358713150024
0.6130706131458282
0.607696430683136
0.620438734292984
0.6263484632968903
0.6087223321199418
0.6238477873802185
0.6248621082305909
0.6099709469079971
0.6310174256563187
0.6220421183109284
0.6219292891025543
0.625755934715271
0.6282836663722992
0.6179887872934341
0.6341659080982208
0.6279324948787689
0.62004341006279
0.6189174592494965
0.6312273335456848
0.621955931186676
0.6172485446929932
0.6321470153331756
0.6274549722671509
0.6275400710105896
0.6237435042858124
0.6238208138942718
0.6184562718868256
0.6290135061740876
0.6276538276672363
0.6128882360458374
0.6293821012973786
0.6217847669124603
0.6264965748786926
0.6354399108886719
0.6287996137142181
0.6308224958181381
0.6330343389511108
0.6153567385673523
0.6234837830066681
0.6263323414325714
0.6190000009536744
0.6337944900989533
0.6277197563648224
0.6239132839441299
0.6296022498607635
0.6188642597198486
0.6187212717533112
0.6311719727516174
0.6189067471027374
0.6182583236694336
0.6315011501312255
0.6322251516580581
0.6154391753673554
