0.15524690553545953
0.1514256027340889
0.1500104182958603
0.15079195857048033
0.150490905046463
0.15192770808935166
0.15086539417505265
0.14941815435886383
0.15167020052671432
0.14827974051237106
0.15004666447639464
0.15048690706491472
0.1508028921484947
0.14961169004440308
0.14984058171510697
0.14867631286382677
0.1501244831085205
0.1489208123087883
0.15397317230701446
0.15228389590978622
0.15060453057289125
0.15043150946497919
0.1501033788919449
0.15020197212696076
0.1503150451183319
0.15185804575681686
0.14626465782523154
0.14724739998579026
0.15056010946631432
0.14831622689962387
0.1500609838962555
0.1473259937763214
0.14486771553754807
0.14334648922085763
0.14729674875736237
0.14533358603715896
0.1416884383559227
0.14578547209501266
0.14647392317652702
0.1432487979531288
0.14708390951156616
0.14413392543792725
0.1446719777584076
0.14421885818243027
0.14327607229351996
0.14259471803903578
0.14132758095860481
0.1440972149372101
0.14110270798206329
0.14096880853176116
0.1416831721365452
0.14245001673698426
0.14112099513411522
0.14509578347206115
0.14485023766756058
0.1425461068749428
0.14450705260038377
0.1440172576904297
0.14327965661883355
0.14412697300314903
0.14414106726646422
0.14172243863344192
0.1426354342699051
0.1449546481668949
0.14219290167093276
0.14194816574454308
0.14346068292856218
0.14034729853272437
0.1411515313386917
0.14436937928199767
0.1410915395617485
0.14206406384706496
0.1435604652762413
0.13906625762581826
0.1423082709312439
0.14537192568182944
0.14326396197080613
0.14134859159588814
0.14044404312968253
0.14258616268634797
0.1414709222316742
0.13937825590372085
0.1375497655570507
0.14127225950360298
0.14217935785651206
0.14030239313840867
0.1405253966152668
0.14132980599999428
0.13920784384012222
0.1422000314295292
0.1438858675956726
0.14067333206534385
0.13859764561057092
0.14141973346471787
0.14130440175533296
0.1408081355690956
0.141361163854599
0.13796930208802224
0.14167670607566835
0.14067778304219247
0.14180634111166002
0.14390095576643944
0.1411789819598198
0.1421487307548523
0.14199274897575379
0.14461180746555327
0.1402583599090576
0.14166462808847427
0.14214898377656937
0.1412823724746704
0.13955974727869033
0.14171535030007362
0.14026541292667388
0.14181846827268602
0.14206794679164886
0.13925147280097008
0.14188492998480798
0.14254602178931236
0.13802370816469192
0.13974977269768715
0.1379195323586464
0.1385352623462677
0.13642156720161439
0.14021317556500434
0.1402868264913559
0.13926447927951813
0.1400660191476345
0.13836400032043458
0.1397080145776272
0.14192234665155412
0.14215733021497726
0.13851690784096718
0.13988153755664826
0.1394518455862999
0.1418223835527897
0.1413997569680214
0.14031663671135902
0.14116310834884643
0.13935438245534898
0.14034500926733018
0.13943161189556122
0.13985267415642738
0.14114331513643263
0.13929773464798928
0.13747474163770676
0.14194846495985985
0.14015935689210893
0.14099475458264352
0.14019628182053567
0.14012032091617585
0.14106939911842345
0.1395704035460949
0.14070684015750884
0.1396559776365757
0.13768735960125922
0.138773080855608
0.14242346197366715
0.13704065442085267
0.14235509783029557
0.14089127227663995
0.13846142649650572
0.1385108131170273
0.1384127140045166
0.14055244490504265
0.13881536081433296
0.1423320132493973
0.1405836120247841
0.14101508617401123
0.14010246768593787
0.13767502337694168
0.1393361908197403
0.14090017586946488
0.13886556088924407
0.1397919574379921
0.13968860924243928
0.13654535949230195
0.14074755400419237
0.13811694726347923
0.13804784804582595
0.14027498483657838
0.13737085789442063
0.14006276175379753
0.13985293760895728
0.13997236996889115
0.14181095808744432
0.13867085188627243
0.13845295637845992
0.1384503298997879
0.1431981210410595
