0.1236896713078022
0.12319883897900581
0.12168807357549667
0.1267201393842697
0.11953944981098175
0.12288426905870438
0.12108351230621338
0.12203352883458138
0.12192951053380967
0.11971163302659989
0.12101486727595329
0.12158339157700539
0.11805712595582009
0.11855781808495522
0.11918167293071746
0.11942041516304017
0.12244198933243751
0.11907054021954537
0.12335258290171623
0.12411542400717736
0.12002140864729881
0.12149621933698654
0.12100935503840446
0.12312816113233566
0.11660511612892151
0.11910746663808823
0.1185140185058117
0.11461681976914406
0.11955329716205597
0.11443558797240257
0.11993709981441497
0.11432623982429505
0.11276860132813454
0.11171309530735016
0.1157179357111454
0.11455782040953637
0.11183884143829345
0.11008669659495354
0.11120728060603141
0.11046222791075706
0.11307963669300079
0.11339404746890068
0.11272359326481819
0.11006147772073746
0.10961148455739021
0.10676132202148438
0.10891059964895249
0.10749372094869614
0.10552357032895088
0.11042607888579369
0.11039035409688949
0.11057459056377411
0.10742778211832046
0.11249225094914436
0.10501579120755196
0.10417857632040978
0.11153906747698784
0.10883562415838241
0.10549153193831444
0.1076490905880928
0.10773085400462151
0.10491389706730843
0.10521747082471848
0.10960268676280975
0.10685683265328408
0.10177434265613555
0.10786082714796066
0.10239607907831669
0.10187476724386216
0.10334236800670624
0.10626957401633262
0.10566655427217483
0.10233552858233452
0.10344287306070328
0.10359494477510452
0.10320484951138496
0.10449121847748756
0.10309195473790168
0.10382119864225388
0.10456349581480026
0.10661740332841874
0.09903075866401195
0.10045790314674377
0.10277703061699867
0.10285626605153084
0.0977597016096115
0.10053005486726761
0.09932522490620613
0.09991429597139359
0.10297645717859268
0.10546984300017356
0.10200422450900078
0.10022822931408883
0.10536390371620655
0.10445047453045846
0.10105699799954891
0.10083196103572846
0.10126510307192803
0.10595123544335365
0.10305683314800262
0.10119119115173816
0.10185769021511078
0.10058217622339725
0.10040915183722973
0.10362253777682781
0.1029593912512064
0.09974580645561218
0.10432882830500603
0.1001456966996193
0.10294521763920784
0.10100745067000388
0.10217368200421334
0.10234032765030861
0.10192384891211986
0.10150619089603424
0.09978346034884453
0.09915608450770379
0.10275952637195587
0.0990805410593748
0.10363987267017365
0.09773926436901093
0.09555896110832691
0.09578372083604336
0.09900840684771538
0.0972237840294838
0.10129075691103935
0.10256917603313923
0.10054664790630341
0.09691087268292904
0.09906783759593964
0.10500435695052147
0.10254497915506362
0.10123115330934525
0.09930698618292809
0.10307994082570077
0.10158199653029441
0.09946759946644307
0.09604770854115487
0.09889682784676551
0.10198902383446694
0.09640252538025379
0.10063304141163826
0.09869480580091476
0.09814428605139255
0.0990112641453743
0.10178876273334027
0.10270934015512466
0.09902534112334252
0.1024053780734539
0.1000878618657589
0.09959859699010849
0.0982871001958847
0.10172496378421783
0.10019510000944137
0.09836779959499836
0.10274554923176765
0.10475507333874702
0.09943355709314346
0.10432822182774544
0.09712967440485955
0.09337678849697113
0.1026598161458969
0.1009479233622551
0.0950523417443037
0.09613562785089017
0.10544584020972252
0.10381435588002205
0.10396508678793907
0.09552811414003372
0.09864265009760857
0.09886101596057414
0.10319285780191421
0.09798722065985203
0.10043102815747261
0.09722482211887837
0.0985803447663784
0.09790945418179035
0.09442679278552532
0.10138393923640251
0.0993223774433136
0.09628605417907238
0.1001607559621334
0.1047925329953432
0.09567794099450111
0.1032243574410677
0.09668184511363506
0.09736096411943436
0.0972815514355898
0.10536589555442333
