1.9527531814575196
1.9307690930366517
1.9104804658889771
1.9629133796691896
1.894411952495575
1.9401293420791625
1.9098662996292115
1.9293559789657593
1.923936631679535
1.8881834053993225
1.906908929347992
1.9086135339736938
1.8754476165771485
1.8897959327697753
1.8842697596549989
1.8849671173095703
1.913356409072876
1.8812152218818665
1.916250946521759
1.928307180404663
1.8752486610412598
1.9001472353935243
1.8905728912353517
1.9127206230163574
1.834266812801361
1.857521653175354
1.8567829465866088
1.812881350517273
1.8688512253761291
1.8247949266433716
1.869431118965149
1.811323983669281
1.799604332447052
1.783725118637085
1.8259203505516053
1.8077599787712098
1.7827233743667603
1.7728777527809143
1.7815338921546937
1.7686606025695801
1.8063184523582458
1.8009877681732178
1.7882597327232361
1.7667554235458374
1.7585997104644775
1.7343721604347229
1.7653576588630677
1.735189356803894
1.7199659466743469
1.7691900539398193
1.7753557395935058
1.7837211394309997
1.7406062507629394
1.7938403701782226
1.7217471528053283
1.7063837099075316
1.7719538831710815
1.7561983752250672
1.719188153743744
1.7322874689102172
1.7431831121444703
1.7079949617385863
1.72424706697464
1.7540445065498351
1.7288335633277894
1.6894490361213683
1.7402952980995179
1.6826164078712464
1.6792926573753357
1.6912026929855346
1.732130048274994
1.715627634525299
1.6835788917541503
1.7002418804168702
1.7023823857307434
1.70175076007843
1.716447479724884
1.6960656929016114
1.7042020225524903
1.7136766576766969
1.7333021783828735
1.6545019006729127
1.6587888383865357
1.6927910614013673
1.6854748558998107
1.6439175271987916
1.6719152593612672
1.6626561021804809
1.667390944957733
1.7039587354660035
1.714522156715393
1.6807173156738282
1.6676619172096252
1.7218937134742738
1.7032094979286194
1.6667855954170228
1.6749822330474853
1.6686159014701842
1.725365993976593
1.6879055786132813
1.6751886796951294
1.682827994823456
1.663838894367218
1.6708929657936096
1.7027050209045411
1.6963349723815917
1.6530055689811707
1.7091966462135315
1.6634779906272887
1.690040466785431
1.6694590210914613
1.6863463830947876
1.6858913969993592
1.6799968886375427
1.6754613947868346
1.6617904496192932
1.65171329498291
1.697221975326538
1.6580677723884583
1.6858943247795104
1.6417966890335083
1.6100735545158387
1.6227017831802368
1.660202112197876
1.6351360511779784
1.6674483370780946
1.693038020133972
1.6662253069877624
1.639482889175415
1.6476591777801515
1.7042846298217773
1.677992787361145
1.6633143377304078
1.6507164692878724
1.697091176509857
1.6738728857040406
1.663651807308197
1.6269734358787538
1.6508501553535462
1.6773013639450074
1.6319538426399232
1.6782972931861877
1.6422696089744568
1.6453131914138794
1.6540331196784974
1.6780695176124574
1.691053330898285
1.6399308252334595
1.6799498653411866
1.6612788248062134
1.6450427389144897
1.6384154915809632
1.6841961002349854
1.6640744066238404
1.6409875917434693
1.6927872323989868
1.7068704605102538
1.6489515614509582
1.696470901966095
1.624876444339752
1.5911124753952026
1.692467017173767
1.6717749309539796
1.6028971672058105
1.6145061039924622
1.7205990362167358
1.6923310351371765
1.7039350414276122
1.6088422679901122
1.639682912826538
1.63737163066864
1.6911231136322022
1.627057330608368
1.6689558911323548
1.627532229423523
1.645336844921112
1.641782672405243
1.6027782320976258
1.668109006881714
1.651877658367157
1.617666358947754
1.6628513312339783
1.707761516571045
1.6100277066230775
1.6845242643356324
1.6223539519309997
1.620881028175354
1.6283424139022826
1.7176884770393372
