40.32032272338867
39.22780151367188
39.56134323120117
39.20316009521484
39.89213409423828
40.23960144042969
39.86951751708985
40.34316680908203
40.058209609985354
40.01325859069824
39.91969848632812
39.15340751647949
39.23066856384278
39.80021583557129
39.321510009765625
39.74676567077637
39.096295013427735
39.403745880126955
38.961540908813475
38.43943000793457
38.345174865722655
38.985508041381834
38.87061889648437
38.228121795654296
37.51047264099121
37.309005432128906
38.054154052734376
37.64739967346191
37.97567375183105
37.98754486083985
37.62052894592285
37.39860042572022
37.98774322509766
37.60648063659668
37.27126983642578
37.307195053100585
37.38514389038086
37.639695930480954
37.13745986938476
37.26691940307617
37.33234794616699
37.195366592407225
36.76647918701172
36.77056495666504
37.18097541809082
37.33974452972412
37.527369079589846
36.10690380096435
36.85080749511719
36.81918640136719
37.083941268920896
36.998730697631835
36.32585823059082
36.495816688537595
36.22875137329102
36.16347206115723
36.15380409240723
36.38597957611084
36.296152954101565
35.76652637481689
36.13359245300293
35.952862930297854
36.14011390686035
35.21603126525879
35.609173927307125
36.337120895385745
36.24345142364502
35.80661376953125
36.18690528869629
35.35088775634765
36.083857955932615
35.66371768951416
35.644345169067385
35.78789024353027
35.9119839477539
35.714346199035646
35.87935699462891
35.73077239990234
35.69761482238769
36.43645317077637
35.682986412048336
35.50832092285156
35.85937995910645
35.5785595703125
35.472769546508786
35.80710380554199
36.008031349182126
36.13230693817139
35.675719566345215
35.68382785797119
35.28263156890869
35.79243656158447
36.53109188079834
35.612174110412596
35.48243362426758
35.08575260162353
35.885699081420896
35.463074684143066
35.709475402832034
35.037402114868165
35.73741973876953
35.765387992858884
35.40580738067627
35.5752558517456
35.71258968353271
35.57367462158203
34.93842361450195
35.51717788696289
35.17938346862793
35.52764022827149
35.58145515441895
35.69068450927735
35.477799568176266
35.311828804016116
35.16229633331299
35.88471347808838
35.336642570495606
35.6917244720459
35.776758460998536
35.232160987854
35.6400390625
35.18791362762451
35.88498058319092
35.36002208709717
35.78108253479004
35.06408092498779
35.853195610046384
35.192542190551755
35.97039623260498
35.17621189117432
34.548466529846195
34.982920532226565
35.10372100830078
35.20859935760498
35.78732574462891
35.150023307800296
35.54474140167236
35.16937786102295
35.39644348144531
35.074052238464354
35.55952388763428
36.38772361755371
34.772200431823734
35.45224235534668
36.03686603546143
35.2854195022583
35.72282894134521
34.42264225006104
35.35887886047363
35.14405162811279
35.16673999786377
35.209836349487304
35.70994125366211
35.39260143280029
35.427503204345705
35.99045497894287
35.12312381744385
35.28472408294678
35.196014404296875
34.93992782592773
35.12193977355957
35.82640953063965
35.60977210998535
34.871141242980954
34.69518371582031
35.45309913635254
34.97811893463135
35.84846752166748
34.98008552551269
35.246960182189945
34.784890213012694
35.65246631622315
34.710789108276366
35.48326072692871
35.046717185974124
35.35399448394775
35.046757469177244
35.68222221374512
34.79522060394287
35.18319583892822
35.085145454406735
35.07059593200684
35.31191875457764
34.802618179321286
34.505862388610836
35.06087898254395
34.55778648376465
35.22657161712647
35.20953056335449
