3.126532335281372
3.065026893615723
2.979862971305847
3.036803855895996
3.0009611320495604
3.088906321525574
3.003359999656677
3.055890245437622
3.040594358444214
2.909344892501831
2.9756327486038208
3.0124554347991945
3.0256968784332274
3.062155885696411
2.9923792552947996
2.93295307636261
2.9797355937957763
2.964723620414734
2.9310970878601075
3.0275866317749025
2.9158279848098756
2.953299503326416
2.917731428146362
2.9915779972076417
2.931109223365784
2.9335692501068116
2.911012206077576
2.902391400337219
2.9356152248382568
3.0056359004974365
2.938548436164856
2.9407558155059816
2.920408835411072
2.905293555259705
2.9602831649780272
2.8910982751846315
2.9048351430892945
2.9561381196975707
2.980864601135254
2.9136914587020875
3.021986002922058
2.950936379432678
2.9335901021957396
2.984350018501282
2.906751070022583
2.9336148929595947
3.00977970123291
2.9918309926986693
2.9622216701507567
2.967374014854431
3.0061277770996093
3.0798792552948
3.0306984758377076
3.0395970726013184
3.093017234802246
3.0296322965621947
2.950251660346985
3.039823408126831
3.013112950325012
2.9813128757476806
3.045386347770691
2.99327344417572
3.1067121982574464
3.058572998046875
3.0417349100112916
3.083343949317932
2.9925250816345215
3.0058947372436524
2.986759181022644
3.0427013874053954
3.085957260131836
3.023249192237854
3.0378016138076784
3.079342494010925
3.073131060600281
3.125588045120239
3.1274172592163088
3.0783840560913087
3.0901387834548952
3.0367717647552492
3.1029828691482546
3.0911111497879027
2.9561601543426512
3.0923516654968264
3.0218449020385743
3.08249475479126
3.065343904495239
3.080807909965515
3.114907865524292
3.173558735847473
3.0699741315841673
3.0275070571899416
3.0006869649887085
3.1213293075561523
3.0388040208816527
3.0535809230804443
3.0780562448501585
3.013341188430786
3.087588896751404
3.0696321725845337
3.05902560710907
3.0659721422195436
3.0395906591415405
3.1104888248443605
3.093537378311157
3.110043292045593
3.061632671356201
3.107365818023682
3.1022718143463135
3.053118877410889
3.035699543952942
3.077027077674866
3.077101135253906
3.0764011096954347
3.0877651262283323
3.051087040901184
3.067860178947449
3.127094645500183
3.094947772026062
2.9717399215698244
3.0800364446640014
3.0260480737686155
3.060147738456726
3.1651782035827636
3.0508737421035765
3.038999629020691
3.088142976760864
3.08833393573761
3.106702027320862
3.0521867799758913
3.0875639009475706
3.0271377754211426
2.9996558618545532
3.055605998039246
3.0841849184036256
3.0655268239974975
3.1352841567993166
3.1480256605148313
3.0791746377944946
3.066706032752991
3.1233335447311403
3.080896410942078
3.0759954118728636
3.093478970527649
3.035518178939819
3.0732770204544066
3.067316427230835
3.05450984954834
3.0230729150772095
3.0895969009399415
2.973893790245056
3.0344612312316896
3.0984706926345824
3.0819739151000975
3.0303456211090087
3.054271674156189
3.0808850049972536
3.0176873540878297
3.0122854614257815
3.0418042278289796
3.061252017021179
3.0760477352142335
3.061979775428772
3.036623229980469
3.061979765892029
3.1160963439941405
3.0440628147125244
3.0579949045181274
3.037602620124817
3.0078681087493897
3.0091257333755492
3.026698808670044
3.000772123336792
3.0981300973892214
3.048168377876282
3.0599345207214355
3.122205457687378
3.0168808460235597
3.0631741809844972
3.068219056129456
3.039543671607971
3.105378065109253
3.0671698236465454
3.0522212171554566
3.07222065448761
3.04926709651947
3.0169351148605346
3.032611827850342
3.119342188835144
