0.6295287084579467
0.6165687930583954
0.5927157771587371
0.6012647360563278
0.6060286247730255
0.5910261636972427
0.6011932331323624
0.614145964384079
0.6084669888019562
0.6089920002222061
0.6192445707321167
0.6129428720474244
0.6070609664916993
0.6158853876590729
0.6205843651294708
0.6193035399913788
0.6194655740261078
0.6147493654489518
0.6134515637159348
0.6219149285554886
0.6301228249073029
0.6291429460048675
0.6358643567562103
0.6233606570959092
0.6362399256229401
0.6111741101741791
0.6373199731111526
0.6288264125585556
0.6307893216609954
0.6349353313446044
0.615767492055893
0.6249100625514984
0.6252888631820679
0.6345267987251282
0.6359126007556916
0.6314164781570435
0.6322604417800903
0.6356149184703827
0.6275701558589936
0.6346656620502472
0.6281211078166962
0.6357125067710876
0.6316521263122559
0.6288571155071259
0.6385725343227386
0.6192133593559265
0.6228491473197937
0.6199317926168442
0.6376770782470703
0.618473454117775
0.6236282050609588
0.6222454953193665
0.6186784565448761
0.6165999591350555
0.6241467988491058
0.617027052640915
0.619740229845047
0.6184648656845093
0.6233695721626282
0.6249295234680176
0.6183522385358811
0.6120161586999893
0.6090453362464905
0.6176103127002716
0.6047274005413056
0.606603000164032
0.6163729763031006
0.6037332653999329
0.6090797924995422
0.6102720904350281
0.6075970995426178
0.600615496635437
0.6123808217048645
0.60715083360672
0.6073084080219269
0.6168649315834045
0.6149136912822724
0.6114608377218247
0.6113563084602356
0.6096282970905303
0.6001478511095047
0.606285030245781
0.6156623888015748
0.5986405944824219
0.6078129601478577
0.6090421640872955
0.61286854326725
0.6158068871498108
0.6077069246768951
0.5996289396286011
0.6133396345376968
0.6027413809299469
0.6131177437305451
0.6079478180408477
0.6114675951004028
0.6174081873893738
0.5985475707054139
0.6123165810108184
0.6266949737071991
0.6014740240573883
0.61227574467659
0.6027202534675599
0.6033316814899444
0.5961394065618515
0.6042933964729309
0.5999839675426483
0.6053422927856446
0.6067266047000885
0.6003858351707458
0.5962091428041458
0.6112941551208496
0.606642604470253
0.6068425959348679
0.5985629308223724
0.6039843118190765
0.6139499354362488
0.6028818535804749
0.60732202231884
0.6036708188056946
0.6128522074222564
0.6061489808559418
0.6067030942440033
0.6059187412261963
0.6124423605203628
0.6133666068315506
0.611750373840332
0.6266868340969086
0.5892836856842041
0.5917855811119079
0.598581086397171
0.6126436972618103
0.6049603700637818
0.6129567939043045
0.6161979639530182
0.6021230936050415
0.6098757058382034
0.6126066249608993
0.602438817024231
0.6027305012941361
0.6035118639469147
0.6048289012908935
0.6041186320781707
0.5950896936655045
0.6119043827056885
0.6083371567726136
0.6051168817281724
0.6101061826944352
0.6150955140590668
0.6190175247192383
0.6050528240203857
0.60779669880867
0.6007652258872986
0.6185734844207764
0.6130157846212387
0.6101281785964966
0.6050376749038696
0.6037457048892975
0.6154182511568069
0.6195593822002411
0.6057426798343658
0.6173640364408493
0.5996525752544403
0.6197723519802093
0.597077465057373
0.6032547581195832
0.6037911069393158
0.5868874287605286
0.6049253058433532
0.6110292619466782
0.5998556387424469
0.6054407453536987
0.6109415745735168
0.5899930202960968
0.6151434051990509
0.5986331450939179
0.6092215716838837
0.6018347042798996
0.6096080875396729
0.6064680945873261
0.6093753325939179
0.591253354549408
0.6166706657409669
0.6122036767005921
0.6110976541042328
0.6081243228912353
0.6137982714176178
0.6162784314155578
0.6177793908119201
0.6218989872932434
0.6295291674137116
0.6093168735504151
0.619775482416153
0.6118078088760376
0.6121454203128814
0.6164973771572113
0.6053262341022492
0.6074421751499176
0.6209255731105805
0.604084267616272
0.5954870522022248
0.6005679452419281
0.6008480918407441
0.6064975035190582
0.5929647672176361
0.6120467150211334
0.6100978410243988
0.6040602552890778
0.6181721585988998
0.617486532330513
0.6216528987884522
0.6132949995994568
0.6229123115539551
0.6163054549694061
0.6122181153297425
0.606376519203186
0.6036392557621002
0.6057148110866547
0.6176130080223083
0.6091122078895569
0.6212492573261261
0.6147285902500152
0.6130208134651184
0.6151420748233796
0.5933831948041915
0.6171327292919159
0.6046151900291443
0.6160952925682068
0.6127716732025147
0.6132150399684906
0.6088252490758896
0.5958969008922577
0.6108654499053955
0.6061596739292144
0.6117224514484405
0.6092910420894623
0.6167177343368531
0.5958333969116211
0.6149687367677689
0.6055965578556061
0.6011818408966064
0.6255590426921844
0.6103295087814331
0.6218250548839569
0.6118675243854522
0.611490992307663
0.5993518078327179
0.6035979127883911
0.6168970155715943
0.612058892250061
0.6221007263660431
0.6379482507705688
0.6128625440597534
0.6191919600963592
0.6079653704166412
0.6084716683626175
0.6040365862846374
0.6085478568077087
0.6190118539333344
0.6105267333984375
0.6115398991107941
0.6120525217056274
0.6064624047279358
0.610488070845604
0.6293793714046478
0.621037015914917
0.6152020597457886
0.6033547836542129
0.6117905402183532
0.6150696986913681
0.6113111805915833
0.61214959025383
0.6203170168399811
0.6197748565673828
0.6228718948364258
0.6196933579444885
0.6094638216495514
0.6049025481939316
0.6102716320753098
0.6216270101070404
0.6086675488948822
0.6039168012142181
0.6105844473838806
0.6137709295749665
0.6053435689210892
0.605119394659996
0.6096647262573243
0.6090817755460739
0.610362434387207
0.6182170963287353
0.6097925364971161
0.5934374153614044
0.6037188637256622
0.6169426476955414
0.6296092653274536
0.6231793022155762
0.6165426021814346
0.6224107819795609
0.6182617074251175
0.6256916928291321
0.5997363013029099
0.6113349050283432
0.6230536675453187
0.6152697801589966
0.624449508190155
0.6155083274841309
0.6221667492389679
0.6183103197813034
0.618669056892395
0.627207840681076
0.6294684028625488
0.6229528260231018
0.6219028472900391
0.6177540326118469
0.6090069383382797
0.6053300774097443
0.6086610716581344
0.6071224844455719
0.6186592149734497
0.626970021724701
0.6196014547348022
0.628145363330841
0.6187696361541748
0.6239322352409363
0.6147586190700531
0.6309518253803253
0.6253031170368195
0.6234939604997635
0.6269566357135773
0.6309812545776368
0.6193246984481812
0.6286944735050202
0.6247767221927643
0.6307995223999023
0.6257672476768493
0.6024529230594635
0.620098522901535
0.6148486745357513
0.6249687778949737
0.614079600572586
0.6237045049667358
0.6212166035175324
0.6278566598892212
0.6322294861078263
0.6213894152641296
0.6264114022254944
0.6213102114200592
0.6141791677474976
0.595702553987503
0.6220540165901184
0.6171245658397675
0.6191001546382904
0.6185882419347764
0.6235866618156433
0.6187972891330719
0.6240241169929505
0.603140087723732
0.63964599609375
0.6289218890666962
0.6213342916965484
0.6164799296855926
0.6322163939476013
0.6212234175205231
0.6199151802062989
0.6227589499950409
0.640352543592453
0.6304769337177276
0.612290410399437
0.6320486330986023
0.6256175363063812
0.6259888231754303
0.6211494421958923
0.6253796273469925
0.6247918719053268
0.6298081874847412
0.6243874287605286
0.6316748404502869
0.6239172065258026
0.6264952731132507
0.6186345171928406
0.607517296075821
0.6332880342006684
0.6340056109428406
0.6256608045101166
0.6268134963512421
0.6318527209758759
0.6281801247596741
0.6164505779743195
0.6371028888225555
0.622617416381836
0.6353801882266998
0.6360779762268066
0.6387871289253235
0.6027465403079987
0.6117432701587677
0.6121767485141754
0.632017879486084
0.6223996841907501
0.6309562587738037
0.6295992761850357
0.63345743060112
0.6255103302001953
0.6254106545448304
0.6215741288661957
0.6297577750682831
0.6288154709339142
0.6210801887512207
0.6269751083850861
0.6394660687446594
0.6314599454402924
0.6295033490657806
0.6214006519317627
0.6368547022342682
0.6388240993022919
0.6350200426578522
0.6333587098121644
0.6379704093933105
0.6196297824382782
0.6315629267692566
0.6118846166133881
0.6164790892601013
0.6239810156822204
0.6282962334156036
0.6328756618499756
0.6308107662200928
0.6156843400001526
0.6294570183753967
0.6367937350273132
0.6336031639575959
0.6323515021800995
0.6339451777935028
0.6243047845363617
0.625951179265976
0.6388733601570129
0.6286325466632843
0.6260109841823578
0.6369596946239472
0.6290453577041626
0.6155181550979614
0.6260797691345215
0.6437034714221954
0.6317734515666962
0.6429304111003876
0.631159918308258
0.6279445576667786
0.6308442580699921
0.6362479996681213
0.617245032787323
0.6369438064098358
0.632378825545311
0.634108636379242
0.6259929966926575
0.6358763217926026
0.6311477744579315
0.6318854665756226
0.6150593948364258
0.6383134198188781
0.6317198705673218
0.6335453110933303
0.6363364315032959
0.6300962513685227
0.6347155547142029
0.6407124984264374
0.6412336778640747
0.6412993335723877
0.6331272745132446
0.6332529127597809
0.6315860438346863
0.6413253152370453
0.6520125210285187
0.630679384469986
0.6371350693702698
0.6281502389907837
0.6410178661346435
0.6416113114356995
0.6311606049537659
0.6299442481994629
0.6211498332023621
0.6331032240390777
0.635309044122696
0.6300897455215454
0.6229139590263366
0.6453566014766693
0.634599289894104
0.6206044280529022
0.636398698091507
0.6388365960121155
0.6383495092391968
0.6277076816558838
0.6429914617538453
0.6263192009925842
0.6374856078624725
0.6356114912033081
0.6313909065723419
0.6330692911148071
0.6324519038200378
0.6270303213596344
0.6404211866855621
0.6242949390411376
0.6409640145301819
0.6219283807277679
0.6311769211292266
0.636005585193634
0.6345274209976196
0.6395850813388825
0.6318065732717514
0.648595187664032
0.6284255015850068
0.6253670811653137
0.6351647686958313
0.6342210733890533
0.6255949068069458
0.6246192908287048
0.6278870379924775
0.6377128839492798
0.6390871202945709
0.6348270738124847
0.6270227909088135
0.6297879874706268
0.6396719753742218
0.6470911777019501
0.6341318148374557
0.6484232234954834
0.6298356866836547
0.6162995326519013
0.6341890752315521
0.6238907986879348
0.637037103176117
0.63210453748703
0.629170606136322
0.6228113543987274
0.6361827659606933
0.6421007311344147
0.6445867210626602
0.5844547897577286
0.5319127160310745
0.49205218732357026
0.4906167030334473
0.4898078143596649
0.49223857522010805
0.5096120983362198
0.5207814455032349
0.5185383850336075
0.5215567874908448
0.5359353172779083
0.5392740005254746
0.5382006061077118
0.5435233932733535
0.5527661693096161
0.5544746512174606
0.5342893469333648
0.5616001462936402
0.5427076029777527
0.5650564980506897
0.5605619359016418
0.5491902589797973
0.5549198931455612
0.5545778316259384
0.555216194987297
0.5840957766771316
0.560333788394928
0.5561322116851807
0.5567318350076675
0.5733409851789475
0.5694272315502167
0.5662306624650956
0.5656450372934342
0.5734158128499984
0.5661821275949478
0.5652955597639084
0.5721383011341095
0.5709830564260483
0.565739415884018
0.5858406436443329
0.578669604063034
0.5673406219482422
0.5825082904100418
0.576948646903038
0.5740061187744141
0.5680683487653733
0.5695616167783737
0.5848409765958786
0.5801116621494293
0.5793076229095458
0.5890563243627548
0.5626277750730515
0.5736852014064788
0.5837434768676758
0.573621934056282
0.5663989049196243
0.5673577588796616
0.5716463482379913
0.5759854090213775
0.5703754061460495
0.5742931967973709
0.5966338205337525
0.5868838405609131
0.5974165326356888
0.596844334602356
0.5838467347621917
0.5858802390098572
0.5797381126880645
0.5861892449855804
0.5804097473621368
0.5863142395019532
0.5855885726213456
0.5826698958873748
0.5868109440803528
0.5854483711719513
0.5798259830474853
0.5729208397865295
0.5784915608167648
0.5866150039434433
0.5757247203588486
0.5817116838693619
0.5710134434700013
0.5866227090358734
0.5843617737293243
0.5751283842325211
0.5809666484594345
0.5791200095415115
0.5714281576871872
0.5872830545902252
0.5931422740221024
0.5797847759723663
0.5848480010032654
0.589252096414566
0.5875002145767212
0.5681990396976471
0.5876906085014343
0.5799881583452224
0.5824056285619735
0.6029376327991486
0.5958164006471633
0.5922521078586578
0.5998288452625274
0.6023559653759003
0.5936023986339569
0.5854295766353608
0.5897529393434524
0.5791514593362809
0.5741265338659286
0.5793933969736099
0.5943924903869628
0.5931734824180603
0.590057737827301
0.5901113504171371
0.5836240983009339
0.5817116963863372
0.6027223348617554
0.5890101927518845
0.6020372062921524
0.586781353354454
0.5966919183731079
0.5960276991128921
0.5766878908872605
0.5868714481592179
0.5890779876708985
0.5900015348196029
0.5989038836956024
0.5958481383323669
0.5933108532428741
0.5944162607192993
0.5792732417583466
0.5963159728050232
0.5750375032424927
0.5836173605918884
0.6000084972381592
0.5874304234981537
0.5889109295606613
0.5875328719615937
0.5865804356336594
0.5953547394275666
0.6004467141628266
0.581359993815422
0.5931676590442657
0.5960055786371231
0.5982410687208176
0.58625941157341
0.5948620986938477
0.5920867621898651
0.5775674104690551
0.5934930622577668
0.5970535326004028
0.5858322447538375
0.5885465395450592
0.5949112284183502
0.5985831719636917
0.6013125395774841
0.5960361218452453
0.5956931638717652
0.6077375054359436
0.5897862040996551
0.5796211940050126
0.5947020554542541
0.5842637985944747
0.5905779808759689
0.5859934663772584
0.6010688948631286
0.6070234858989716
0.5946328699588775
0.5865181148052215
0.5945768308639526
0.5896184259653091
0.600403568148613
0.6012864685058594
0.6008107709884644
0.604890044927597
0.6014128315448761
0.5973549377918244
0.5945427095890046
0.5840072911977768
0.5959746986627579
0.6198367595672607
0.605943329334259
0.5976321029663086
0.5899129849672318
0.5987501072883606
0.5957860606908798
0.5991467142105102
0.5990939497947693
0.5796682941913605
0.5943555617332459
0.5867354071140289
0.5924597096443176
0.6001230353116989
0.594151908159256
0.5957652497291565
0.5948430156707764
0.5892613756656647
0.5862669485807419
0.5986175990104675
0.594662407040596
0.5892043745517731
0.5952226793766022
0.5971070444583892
0.5943277060985566
0.6059260761737824
0.5805879044532776
0.610043933391571
0.5913012188673019
0.6050509023666382
0.5925556015968323
0.6127532768249512
0.6071591341495514
0.5962633848190307
0.5931515902280807
0.5903982043266296
0.5983983910083771
0.6025739419460296
0.6059500205516816
0.5846538221836091
0.5962442320585251
0.607473430633545
0.59410200715065
0.6023056989908219
0.597855064868927
0.5875120306015015
0.5931170523166657
0.5986345183849334
0.6010294115543365
0.6038458222150802
0.6219291889667511
0.5985258972644806
0.6016026389598846
0.5845743495225907
0.5960819298028945
0.6013384020328522
0.6015110844373703
0.6091218721866608
0.5987855446338654
0.595632980465889
0.5933029007911682
0.5827511215209961
0.5966048610210418
0.6076059138774872
0.5937291818857193
0.597448714375496
0.5977353751659393
0.6002807915210724
0.5910076564550399
0.6041572439670563
0.605627259016037
0.5925789558887482
0.6010273718833923
0.5876940035820007
0.5970810973644256
0.5836366069316864
0.610144026875496
0.6022001993656159
0.5933723282814026
0.6119781410694123
0.5968181645870209
0.590965348482132
0.5996466493606567
0.5975916844606399
0.6025202655792237
0.6038462090492248
0.5942965704202652
0.5918650531768799
0.5951386296749115
0.5952489674091339
0.5899596685171127
0.6062297093868255
0.5968574982881546
0.5892199838161468
0.5978137803077698
0.6053809690475463
0.6064678144454956
0.5893804967403412
0.6064843189716339
0.5965990626811981
0.5865096729993821
0.5956423234939575
0.6103969407081604
0.5971035993099213
0.5991431176662445
0.5916852843761444
0.5973271739482879
0.5985972136259079
0.6051016283035279
0.6035781109333038
0.6102573847770691
0.6084929478168487
0.6047247099876404
0.6127679598331451
0.6100512373447419
0.6096998691558838
0.6078481864929199
0.6093502432107926
0.6110122632980347
0.5976287585496902
0.6161462187767028
0.6008070248365402
0.6041188037395477
0.5981738793849946
0.5977058345079422
0.5996640753746033
0.6023460328578949
0.6038522160053253
0.6104475164413452
0.6125553089380265
0.6106661635637284
0.6006782364845276
0.5928270179033279
0.6045243924856186
0.6063311588764191
0.6012756276130676
0.6085833263397217
0.6106190693378448
0.6063888138532638
0.6085788887739182
0.6111800217628479
0.6071747452020645
0.5937658071517944
0.5898645722866058
0.6059922337532043
0.5990912902355194
0.6222738921642303
0.6092644965648651
0.617713965177536
0.6015841042995453
0.6018240988254547
0.6016284477710724
0.5980047178268433
0.600779977440834
0.6075065958499909
0.591648907661438
0.5953844130039215
0.6010156941413879
0.610327582359314
0.62334312915802
0.6062410414218903
0.6069367587566376
0.6048823153972626
0.6127487027645111
0.6059445714950562
0.6066107851266861
0.6001982831954956
0.5990142983198166
0.5972027015686036
0.6141108298301696
0.609403235912323
0.6133610451221466
0.6076916825771331
0.5992124092578888
0.6019744467735291
0.608694304227829
0.6179348307847977
0.6002927923202515
0.6084689772129059
0.6216420233249664
0.6112813937664032
0.6162417328357697
0.6069907629489899
0.6205509066581726
0.6054602444171906
0.6068711936473846
0.6149649906158448
0.6120182359218598
0.6054835152626038
0.6055178797245026
0.6138323760032653
0.6057229197025299
0.6189508008956909
0.604157954454422
0.6065664684772492
0.6171207416057587
0.6028423625230789
0.6050747710466385
0.5949471521377564
0.6059258472919464
0.6105545544624329
0.616053957939148
0.6060184973478318
0.5996206837892533
0.5990367209911347
0.6061883664131165
0.6108340573310852
0.5982986479997635
0.6115445697307587
0.6092547154426575
0.613440887928009
0.5998743391036987
0.6037460350990296
0.6075933963060379
0.6096804451942444
0.5975305151939392
0.6086232221126556
0.6047670763731002
0.602247667312622
0.6132603764533997
0.598694053888321
0.6032959854602814
0.5969033366441727
0.6069907808303833
0.612470428943634
0.5992698967456818
0.6104225850105286
0.6206882405281067
0.6077436518669128
0.6126408088207245
0.614898857474327
0.6093338561058045
0.609375717639923
0.6171904015541076
0.6078392034769058
0.6001623541116714
0.6111985117197036
0.6129485166072846
0.619926620721817
0.5992800092697144
0.6021168088912964
0.5905165857076645
0.6081734049320221
0.5966879296302795
0.5858094871044159
0.5983600187301635
0.612397426366806
0.6065974169969559
0.6078089880943298
0.613614205121994
0.6033461153507232
0.6054404556751252
0.605255229473114
0.6096243405342102
0.61406793653965
0.6071096348762512
0.6029072821140289
0.6217719852924347
0.5967396694421768
0.6199204766750336
0.6010509622097016
0.6168265616893769
0.6142650997638702
0.5929570603370666
0.5948236382007599
0.6096654134988785
0.6182505232095719
0.6036494553089142
0.60322319149971
0.6064301943778991
0.6170526421070099
0.6016116583347321
0.6007931053638458
0.6072098636627197
0.6000354081392288
0.6081347906589508
0.6094127893447876
0.6154125636816025
0.615698561668396
0.5980799275636673
0.6181578087806702
0.5977419543266297
0.6138229650259018
0.6134008741378785
0.6077712064981461
0.604785977602005
0.6125725257396698
0.6078875827789306
0.6095083248615265
0.6150447618961334
0.6142531585693359
0.61540274143219
0.5974601483345032
0.5949260360002517
0.6098691540956497
0.6133951091766358
0.6085570186376572
0.6120522296428681
0.6081817662715912
0.6129686671495438
0.5982875496149063
0.6180251860618591
0.5999214214086532
0.5989804196357728
0.6049917817115784
0.6025361663103104
0.6126530700922013
0.6115282618999481
0.6161860978603363
0.609338590502739
0.6008857476711273
0.5946331894397736
0.6238505184650421
0.6098267310857772
0.6153034424781799
0.6141108161211014
0.6019837039709092
0.6109191638231277
0.6160398435592651
0.6118610215187072
0.6039689743518829
0.6082927715778351
0.6176892763376236
0.6099383294582367
0.6098872804641724
0.6139175617694854
0.603011434674263
0.6000377863645554
0.6102091395854949
0.6188352298736572
0.6081408596038819
0.6019904810190201
0.6071978372335434
0.604649852514267
0.6094574677944183
0.6168705189228058
0.6125175869464874
0.610911774635315
0.609044389128685
0.5984550255537033
0.6143632793426513
0.6035700404644012
0.6120641660690308
0.602084128856659
0.6107525706291199
0.6051075553894043
0.616600353717804
0.6121996569633484
0.6066640222072601
0.6138240969181061
