0.1536139315366745
0.15334213107824327
0.15538058370351793
0.15680810153484345
0.15547923862934113
0.15353790402412415
0.1552166223526001
0.15379489600658416
0.15082078590989112
0.15138148337602617
0.1477842426300049
0.14693036928772926
0.15038216814398767
0.1544999162852764
0.15185598582029342
0.15371504068374633
0.1524726864695549
0.1528940735757351
0.14776480436325073
0.14977750778198243
0.1482428327202797
0.15008774638175965
0.15215548142790794
0.1515316964685917
0.15151974737644194
0.151292405128479
0.14853461235761642
0.14851515367627144
0.15344794631004333
0.14988525003194808
0.15107860922813415
0.1455818685889244
0.14767215371131898
0.14594951272010803
0.1494140487909317
0.15018997520208358
0.15154338508844375
0.14826964646577834
0.1479269926249981
0.14550476551055908
0.14746642589569092
0.14571424573659897
0.14729371517896653
0.14650067150592805
0.14807878643274308
0.14963907092809678
0.14932926148176193
0.148003691136837
0.14452846422791482
0.14281495153903961
0.14288996785879135
0.1448632751405239
0.14365831166505813
0.14809679955244065
0.14482979252934455
0.14673384830355643
0.1471327519416809
0.14381532222032548
0.14529473841190338
0.14151709616184235
0.1464199450612068
0.14566774487495424
0.14522501438856125
0.14134743049740792
0.1438968761265278
0.1440221570432186
0.1429121619462967
0.14669907614588737
0.14219573199748992
0.1410620690882206
0.14148252949118614
0.14266763031482696
0.14327515810728073
0.14248359084129333
0.14358025193214416
0.14341090396046638
0.14095125526189803
0.14556387513875962
0.1434166334569454
0.1408040776848793
0.14548411577939988
0.14223675757646562
0.13955987349152565
0.14434437751770018
0.14452154874801637
0.14486993223428726
0.1431687691807747
0.1421668317914009
0.14114883720874785
0.1401927001774311
0.14114304512739181
0.14451436266303064
0.14173158437013625
0.14264833569526672
0.14408660367131232
0.14269089356064796
0.14344462960958482
0.14322700157761573
0.1400978322327137
0.14426848888397217
0.13966219797730445
0.14202251851558687
0.13957044064998628
0.14770108684897423
0.13994053542613982
0.14031572625041008
0.14531853258609773
0.14007069498300553
0.14189140737056732
0.14439649850130082
0.13975702211260796
0.13946409597992898
0.14094210803508758
0.14167879968881608
0.14000009536743163
0.1423925232887268
0.14084080815315247
0.1416577960550785
0.13896698161959647
0.14097486510872842
0.1400498753786087
0.1409673175215721
0.14164504081010817
0.13988209247589112
0.14266797065734863
0.14137371733784676
0.14135041296482087
0.14226362600922585
0.14267998009920121
0.14152628272771836
0.14111293211579323
0.1419454473257065
0.14054425731301307
0.14136442244052888
0.13770330101251602
0.13915583357214928
0.13768093213438987
0.14201781362295152
0.14202924966812133
0.13977470129728317
0.1439073321223259
0.14154121056199073
0.14039586693048478
0.14252072483301162
0.14302140578627587
0.13990581527352333
0.14089518100023268
0.14009424045681954
0.14105524107813835
0.1404764646291733
0.14239516288042067
0.14181682839989662
0.1408048240840435
0.1447291848063469
0.14259763330221176
0.13865320831537248
0.1412525363266468
0.14000593960285188
0.13985639840364456
0.13987939149141312
0.1428938901424408
0.1416761475801468
0.13823002740740775
0.14179783955216407
0.14067040517926216
0.13860760495066643
0.14135665729641914
0.1406544803082943
0.14098524302244186
0.14252860218286514
0.13828504994511603
0.13809879913926124
0.14290358483791352
0.1404955068230629
0.14277466669678687
0.1397177442908287
0.14206045851111412
0.1413808386027813
0.137279292345047
0.1389745680987835
0.14100548714399339
0.139698735922575
0.13925479009747505
0.13954066962003708
0.14079432412981988
0.1391575166583061
0.1404299744963646
0.13927985697984696
0.14051698550581931
0.13851214662194253
0.1407002913951874
0.13926811799407005
0.14326196536421776
0.14085284024477004
0.14041669562458992
0.14064476400613785
0.1406745781004429
0.14115888968110085
0.1409751969575882
0.14146256893873216
0.14395621731877328
0.14290812730789185
0.1378225004673004
0.1428274555504322
0.13662418961524964
0.14081777215003968
0.14252598360180854
0.13996365800499916
0.13779926374554635
0.13766339749097825
0.13995253592729567
0.13859852105379106
0.13691298246383668
0.13906262546777726
0.139008469581604
0.1399500299990177
0.14041099309921265
0.14094987332820894
0.13948423996567727
0.1413221526145935
0.13993095085024834
0.1394124972820282
0.14084112167358398
0.14136168152093886
0.13961852014064788
0.14193019792437553
0.14190495237708092
0.1416090039908886
0.13830823078751564
0.13862121149897574
0.14005295768380166
0.1381128053367138
0.1382121339440346
0.14221704334020616
0.14199819087982177
0.14266465961933136
0.1426706650853157
0.13990192145109176
0.1409564271569252
0.1409943427145481
0.13891918689012528
0.13990371704101562
0.13907638862729071
0.1405658759176731
0.13905401065945625
0.1391614180803299
0.14074676856398582
0.14069683715701103
0.1378682164847851
0.1380775560438633
0.13862398475408555
0.1413430504500866
0.1396207904815674
0.14432514816522599
0.1397096648812294
0.14007743805646897
0.13968226775527
0.1401254890859127
0.14075728386640549
0.13952605158090592
0.13802959367632867
0.1389564074575901
0.14052061185240747
0.13681712001562119
0.14012427255511284
0.13932457745075225
0.13978525280952453
0.13998015195131303
0.14562740951776504
0.1425190994143486
0.13946802854537965
0.1384464880824089
0.1391027784347534
0.13908056795597076
0.1364564174413681
0.1365594357252121
0.13942097008228302
0.13767896935343743
0.1399745063483715
0.1387459422647953
0.14282601803541184
0.13922007590532304
0.14145415931940078
0.13562455072999
0.13859187990427016
0.1379087233543396
0.14191357910633087
0.1404699429869652
0.13991468906402588
0.14219625994563104
0.13604664370417596
0.13963601142168044
0.13705479666590692
0.1400054831802845
0.1393185442686081
0.13875746354460716
0.1380368983745575
0.14064975902438165
0.13526588052511215
0.13968908816576003
0.13896841302514076
0.1391054819524288
0.13795252561569213
0.1382685275375843
0.13996472015976905
0.13700016885995864
0.13585220158100128
0.137557775080204
0.13835438311100007
0.13863641142845154
0.13952153712511062
0.13963352456688882
0.13806436255574225
0.1420890587568283
0.14148923993110657
0.140634443461895
0.13740052357316018
0.13841860353946686
0.1417851573228836
0.13984399855136873
0.1402389396727085
0.13794508010149
0.14189854115247727
0.13723787739872934
0.13717947468161584
0.13909251376986503
0.13606553703546523
0.1404016138613224
0.13786245435476302
0.14230443999171258
0.1414967033267021
0.14156546756625177
0.14083577945828438
0.1410829655826092
0.1398106724023819
0.13638175174593925
0.13927631810307503
0.13839637324213983
0.14145193874835968
0.1387555667757988
0.13988489285111427
0.13689367786049844
0.14023935034871102
0.14161835283041
0.13954317092895507
0.1394543792307377
0.1331531411409378
0.1362152510881424
0.14083244189620017
0.14069875538349152
0.1409535774588585
0.13632809087634087
0.13627212569117547
0.13780873119831086
0.1383686974644661
0.13863338887691498
0.1390402463078499
0.1389809240400791
0.13653507068753243
0.14162169083952902
0.138914562612772
0.1399357372522354
0.13759698197245598
0.13838458448648452
0.1399019880592823
0.13961926549673082
0.13843433320522308
0.13747713938355446
0.13827370807528497
0.13891780212521554
0.1366565129160881
0.13744668602943422
0.13895506143569947
0.13752758488059044
0.1379939617216587
0.13995755910873414
0.13895207300782203
0.13573070839047433
0.1354702717065811
0.1359425526857376
0.1334739615023136
0.13732815012335778
0.1371988508105278
0.1361145080626011
0.13821489110589028
0.13560639902949334
0.14155546337366104
0.13616468489170075
0.1369878801703453
0.1340388289093971
0.13895830869674683
0.13658137306571005
0.14088222801685332
0.13914966940879822
0.1384751208126545
0.14109695449471474
0.1413425736129284
0.13570837199687957
0.13641553461551667
0.13615628346800804
0.13919789344072342
0.14176947385072708
0.13803411290049553
0.13917773365974426
0.1439512276649475
0.13912223562598228
0.14035933554172517
0.13732187792658807
0.13600106969475745
0.13732312485575676
0.1385720381140709
0.13897070720791815
0.1348856009542942
0.13870084062218666
0.13768581420183182
0.13379981890320777
0.13770992174744606
0.13973513022065162
0.14124933615326882
0.1409192731976509
0.1389383539557457
0.1395695035159588
0.13643376439809798
0.13650381073355675
0.13726024866104125
0.13400692164897918
0.13911229193210603
0.13877856537699698
0.13772601321339606
0.13287203326821329
0.1356037263572216
0.13485295593738555
0.13918143048882484
0.13356949210166932
0.14215043812990188
0.1399889299273491
0.13812460258603096
0.13591151759028436
0.1348177696764469
0.1386192435026169
0.1373369075357914
0.13264647603034974
0.13891927406191826
0.1274707178771496
0.1345088402926922
0.13686252623796463
0.14298775255680085
0.13743299081921578
0.13733213216066362
0.13601814702153206
0.1333407910168171
0.1351928073167801
0.13754625245928764
0.13782025277614593
0.13887422174215316
0.138712859749794
0.13541477411985398
0.1389376340806484
0.1359584115445614
0.1383236050605774
0.13440473929047583
0.1371561636030674
0.13917624145746232
0.13594465151429178
0.1360810177028179
0.13788940459489823
0.13973978236317636
0.1391887991130352
0.13906216263771057
0.13760879054665565
0.13600140064954758
0.1387588706612587
0.14116746917366982
0.13796208932995796
0.13105693250894546
0.13349190920591356
0.1333769354224205
0.13334944665431978
0.13954562693834305
0.13118421599268915
0.13424475371837616
0.1341664671897888
0.13523067757487298
0.13479635283350944
0.13284311667084694
0.13457223787903785
0.13423135071992875
0.13231147646903993
0.13536828756332397
0.14112558752298354
0.13489401936531067
0.1395181415975094
0.13483793646097184
0.1363228189945221
0.13532352536916734
0.1333340449631214
0.13443464368581773
0.13954130351543426
0.13558042868971826
0.13549965098500252
0.1390696433186531
0.13373559698462487
0.13160446867346764
0.13366435021162032
0.1346982716023922
0.13887110814452172
0.13379387259483339
0.13465292930603026
0.13640622958540916
0.1330925180017948
0.13460069105029107
0.13314808920025825
0.13728406995534898
0.13443458691239357
0.13274908006191255
0.13137093111872672
0.1331691040098667
0.13398257061839103
0.13656697675585747
0.13427416533231734
0.13502252116799354
0.13346433758735657
0.12875527262687683
0.13019520685076713
0.1352373492717743
0.1355992303788662
0.13251780614256858
0.13446729570627214
0.13307013913989066
0.13349316745996476
0.13302902907133102
0.1402049781382084
0.12946055427193642
0.1320632068812847
0.14151040986180305
0.156957475990057
0.15267294093966485
0.1477817961573601
0.14955260649323462
0.14293984293937684
0.14063584610819815
0.1441700726747513
0.1415612879395485
0.13983012959361077
0.13861630812287332
0.139780153632164
0.14492402151226996
0.13978176042437554
0.14291799262166024
0.13881879284977913
0.1335988725721836
0.13736022144556045
0.13752062171697615
0.13420588970184327
0.14277300998568535
0.13971781909465789
0.13278397858142854
0.13479014605283737
0.1370619612932205
0.13296078532934189
0.13665864005684852
0.13622354760766028
0.13936156705021857
0.13704179987311363
0.1400247947871685
0.1411463163793087
0.14038365453481674
0.13178487733006478
0.13165770053863526
0.1338355877995491
0.1341790209710598
0.13822439759969712
0.13860461220145226
0.1403520978987217
0.13793631613254548
0.13196698516607286
0.13801489591598512
0.13568791031837463
0.13535098284482955
0.13546325251460076
0.13654442250728607
0.13331808716058732
0.1309703131020069
0.13406141474843025
0.13562844157218934
0.12948197916150092
0.13223350077867507
0.13570461869239808
0.13146007031202317
0.13008911833167075
0.13305833756923677
0.13132480919361114
0.13036664545536042
0.13227664351463317
0.13357622623443605
0.13505223870277405
0.13620874643325806
0.1379871290922165
0.13714391455054284
0.13511145427823068
0.1377117757499218
0.13522581666707992
0.13222515121102332
0.13411479502916335
0.13730591639876366
0.13592301160097123
0.13202215388417243
0.13334889873862266
0.13115648344159125
0.13628796353936196
0.1341318328678608
0.1335301086306572
0.13301405251026155
0.13077662780880928
0.13658687025308608
0.13496242567896843
0.13794968605041505
0.1348628444969654
0.13103235617280007
0.13074132159352303
0.12939865350723267
0.13012810796499252
0.1293417739868164
0.12934028834104538
0.13828796297311782
0.13343068182468415
0.12993764996528626
0.12952686324715615
0.1330379369854927
0.13528975039720537
0.13566949859261512
0.12804527968168258
0.13445479676127434
0.1396074575185776
0.13223629221320152
0.13084374457597733
0.13725331753492356
0.13294693872332572
0.1301455806195736
0.12948016539216042
0.12872405901551245
0.13088272288441657
0.13115237578749656
0.13544159784913062
0.13488185361027719
0.1282015135884285
0.1307079817354679
0.13339941710233688
0.12826298281550408
0.12863055527210235
0.13368878915905952
0.1364670042693615
0.1317116351425648
0.12939784601330756
0.1293729241192341
0.13320581182837488
0.13112994894385338
0.13316233336925506
0.1308081816136837
0.13479095607995986
0.13669662937521934
0.13800372496247293
0.1371811746060848
0.13586059108376503
0.12868161961436272
0.1299446165561676
0.1319856534898281
0.13390440836548806
0.1362663495540619
0.13045735001564027
0.13498942658305169
0.13689647376537323
0.13832851573824884
0.12990689232945443
0.13372177094221116
0.13164736598730087
0.13273559644818306
0.13350130528211593
0.12484329745173454
0.1330098044872284
0.13294072106480598
0.1286921925842762
0.1305370770394802
0.13257467344403268
0.1317537485063076
0.13090546175837517
0.1307260537147522
0.13226180791854858
0.13277872622013093
0.1376878198981285
0.13261438593268393
0.13416200935840605
0.1327697066962719
0.13193068280816078
0.13101256713271142
0.12678543716669083
0.13289656668901442
0.1326962810754776
0.12953407645225526
0.1285078753530979
0.13173069357872008
0.13118405684828757
0.1309111998975277
0.13212309181690216
0.13209425345063208
0.13987208232283593
0.13362749934196472
0.13419408112764358
0.12977763190865516
0.1288682474195957
0.13139635637402536
0.12906636089086532
0.12946773558855057
0.13566314294934273
0.1344700673222542
0.13046994358301162
0.13308938100934029
0.13386393547058106
0.1276394794881344
0.12910219088196753
0.13496578902006148
0.13100336179137229
0.1301393564045429
0.13212650045752525
0.1257835690677166
0.12921007126569747
0.1265070456266403
0.12804085820913313
0.13487429723143576
0.13208506897091865
0.13789488539099692
0.13216674119234084
0.1366811689734459
0.128291846960783
0.13006878420710563
0.1283954383432865
0.12922827899456024
0.13340608060359954
0.12589242801070213
0.12826892465353013
0.12946946069598197
0.13280310675501825
0.12377966195344925
0.1348789820075035
0.12390600711107254
0.13012107565999032
0.1299106837809086
0.13339053004980087
0.13107119128108025
0.13227934136986733
0.13353913724422456
0.13071328699588775
0.13312597021460534
0.12929330319166182
0.12943638861179352
0.13396764293313027
0.1276332162320614
0.130493678599596
0.12825537994503974
0.13262215733528138
0.12936858996748923
0.1355132557451725
0.13411239981651307
0.12235136300325394
0.12738656476140023
0.1252099646627903
0.13054448559880258
0.12862607970833778
0.13358593136072158
0.1303330285847187
0.13610886171460151
0.12937165230512618
0.13381434381008148
0.1293426960706711
0.12931924521923066
0.12711078599095343
0.12837283089756965
0.12974423944950103
0.12964138641953468
0.12374550178647041
0.12978832617402078
0.13517932265996932
0.132870002835989
0.13259999364614486
0.12832966580986976
0.12653443485498428
0.12702086925506592
0.12868374660611154
0.13530850440263748
0.13044259294867516
0.12737707763910294
0.12960931450128554
0.13318483427166938
0.12596078410744668
0.12714762449264527
0.12637936279177667
0.12864913403987885
0.12679332718253136
0.12871322065591811
0.12615917921066283
0.12468489214777946
0.12589675933122635
0.12888061255216599
0.13148217663168907
0.1295940525829792
0.13056295424699782
0.13022144973278046
0.13248397365212441
0.1355447453260422
0.13461629435420036
0.13220414489507676
0.13151716262102128
0.12770274996757508
0.12950913488864899
0.1277906860411167
0.12924973234534265
0.13060228243470193
0.12777837350964547
0.1319444788992405
0.1292615722119808
0.13252087205648422
0.12892259821295737
0.1315922211110592
0.13457481890916825
0.1309140418469906
0.13252279102802278
0.13131590142846108
0.1329907251894474
0.12652322351932527
0.13072843492031097
0.1339298340678215
0.13134700626134874
0.12923261016607285
0.12524896129965782
0.12477240324020386
0.1236908732354641
0.12804004713892936
0.1310277445614338
0.13107554450631143
0.1364166547358036
0.1357083223760128
0.13128150582313539
0.13138600036501885
0.12667766213417053
0.13021301090717316
0.1314577841758728
0.13277201265096664
0.12937346279621123
0.13102526545524598
0.12576728150248528
0.12941513374447822
0.13179561302065848
0.12490843057632446
0.1268519616127014
0.12926745265722275
0.12693792060017586
0.13072443172335624
0.12451148673892021
0.13202201202511787
0.12745421439409255
0.12295521274209023
0.12470710277557373
0.12646187230944633
0.12948230355978013
0.13198248401284218
0.12985788881778718
0.1334120339155197
0.129350698441267
0.12848922178149225
0.12327087730169296
0.12859169781208038
0.12462256178259849
0.1316048839688301
0.1320165801048279
0.12965518474578858
0.1300990954041481
0.12894910767674447
0.12935402855277062
0.1327849443256855
0.12881100922822952
0.1270915861427784
0.13426372960209845
0.13366907492280006
0.12804702252149583
0.12993792027235032
0.12908430740237237
0.12821609035134315
0.12939583167433738
0.12995064705610276
0.13196708336472512
0.1305841948091984
0.12870554268360138
0.1297089111804962
0.1337282393872738
0.13047006338834763
0.1285253171622753
0.12433532491326332
0.12790697693824768
0.12594056412577628
0.12730561032891274
0.12290613248944282
0.12195866718888283
0.1220252513885498
0.12691255539655685
0.1281443093717098
0.12641943976283074
0.1300755797326565
0.12780240401625634
0.13240503162145614
0.12972906351089478
0.13077472612261773
0.12669425576925278
0.1298786248266697
0.12524410635232924
0.1293886461853981
0.1223500569164753
0.12167344614863396
0.12488125085830688
0.1287685190141201
0.12896863758563995
0.12830007553100586
0.12572878628969192
0.12333544358611107
0.1276761758327484
0.1270173217356205
0.13053543195128442
0.13224595919251442
0.1290234750509262
0.12572205290198327
0.1296091991662979
0.12545178309082985
0.1292863181233406
0.12391916558146476
0.1299486567080021
0.12522817343473436
0.12478811457753182
0.12328104183077812
0.12390277609229088
0.1252300713956356
0.1295945842564106
0.13099804401397705
0.12811969503760337
0.12744458362460137
0.12510459303855895
0.12931738004088403
0.12898696154356004
0.1271661788225174
0.12375218123197555
0.12529290467500687
0.12514203950762748
0.1285820086300373
0.1296665661036968
0.13225036919116973
0.1270034559071064
0.12846699386835098
0.13204602420330047
0.12885185688734055
0.1283309867978096
0.1301103162765503
0.12824214607477188
0.12530759498476982
0.1289101707935333
0.12516882210969926
0.12916195631027222
0.13126675233244897
0.12841502219438553
0.12560974717140197
0.12407526567578316
0.12606588438153266
0.12586372196674347
0.12486991927027702
0.12437954470515251
0.12438285127282142
0.13042901009321212
0.13079313591122627
0.126122095733881
0.12364209488034249
0.12824480041861533
0.13155289620161056
0.13029878377914428
0.12970546036958694
0.1229138869047165
0.13483086690306664
0.12463545471429825
0.13178845018148422
0.12660809785127639
0.12578123942017555
0.12933612927794458
0.12929732427001
0.12543416619300843
0.1243463160097599
0.11990447223186493
0.12346854716539384
0.12722306743264197
0.12707376271486281
0.12469648450613022
0.12097542524337769
0.12275359511375428
0.12129337817430497
0.12603978767991067
0.13051573291420937
0.12747132033109665
0.12472851186990738
0.12414710029959679
0.12327780291438102
0.1293007615208626
0.1282883743941784
0.12768793240189552
0.12807775974273683
0.12850101441144943
0.12637522220611572
0.12999193251132965
0.12479399934411049
0.12363793522119522
0.12637970000505447
0.12435571298003197
0.12730176866054535
0.1284191480278969
0.12355240821838379
0.12919021546840667
0.11967685222625732
0.12866281270980834
0.12392975315451622
0.1289520214498043
0.13024066716432572
0.12960052192211152
0.12767304226756096
0.1262160384654999
0.12828565821051596
0.12539700791239738
0.13144078478217125
0.12763017639517785
0.120133907943964
0.12148767665028572
0.126446393430233
0.12955405801534653
0.12750503957271575
0.12979282304644585
0.13042726010084152
0.12515469312667846
0.12465985745191574
0.12682875946164132
0.12783246457576752
0.12291176930069923
0.12441903114318847
0.12036308780312538
0.126330593675375
0.1320015549659729
0.1283625590801239
0.1296716958284378
0.13162765368819238
0.1308520232141018
0.129029251486063
0.12874913066625596
0.13145379558205605
0.12938597932457924
0.13087407425045966
0.12792855322360994
0.1293894477188587
0.1302048759162426
0.12413928300142288
