0.13869931295514107
0.1389994940161705
0.1417815887928009
0.14514078468084335
0.137376346886158
0.13879037007689476
0.13443156853318214
0.133447262942791
0.12768169477581978
0.12949192076921462
0.13256202295422553
0.1258566026389599
0.1251461435854435
0.126887738853693
0.12487990006804467
0.12285039156675338
0.1233053433895111
0.12315689951181412
0.12177301242947579
0.12014714971184731
0.12251123398542405
0.1192050875723362
0.1256517532467842
0.1228250603377819
0.12089132279157638
0.12425423040986061
0.11973783314228058
0.1190008282661438
0.12480327785015106
0.11900493144989013
0.11903657585382461
0.11677633196115494
0.1151859137415886
0.12090449631214142
0.11431873932480813
0.11908994257450103
0.12070466309785843
0.1197803035378456
0.11897321179509163
0.11566175550222396
0.11661835327744484
0.11776423051953316
0.1150780613720417
0.11513047620654106
0.11595982000231743
0.11468062177300453
0.11839283928275109
0.11663251906633378
0.1123151758313179
0.10919476732611656
0.10912697985768319
0.11201132595539093
0.11288064882159234
0.11114199042320251
0.11102490842342377
0.11414230823516845
0.11249902427196502
0.10708366751670838
0.10759538114070892
0.1041266691684723
0.1096347576379776
0.10699238002300263
0.11055929884314537
0.1083314447104931
0.10771143577992916
0.10830080524086952
0.10922306329011917
0.10747658461332321
0.10592426776885987
0.10695182457566262
0.10904921054840087
0.10606473430991173
0.11141381040215492
0.10633673436939717
0.10843905448913574
0.1062957239151001
0.10354886844754219
0.10460444867610931
0.1069773180782795
0.10660527646541595
0.10850116416811943
0.10454123824834824
0.10473015323281289
0.10709258154034615
0.10653697282075882
0.10792972788214683
0.10491376891732215
0.10381746083498002
0.10497986026108265
0.10215666949748993
0.10200515612959862
0.10564268253743649
0.10293927155435086
0.10613039419054986
0.10341201543807983
0.10581437394022941
0.10583889245986938
0.10276154398918153
0.1045357857644558
0.10647694110870361
0.10209702387452126
0.10326995633542538
0.10166963279247283
0.10671878919005394
0.1001046584546566
0.09797148443758488
0.10369615077972412
0.10429354786872863
0.09934492483735084
0.10063881456851959
0.10458416976034642
0.10097059220075608
0.10231675997376442
0.104131590873003
0.10488420218229294
0.10612241312861442
0.09983254104852676
0.09946171537041665
0.10325734689831734
0.10056564271450043
0.10257547274231911
0.1063984790444374
0.10346397660672664
0.10301988869905472
0.10802004829049111
0.09973731875419617
0.10215373411774635
0.09955829352140427
0.10222066819667816
0.10306115671992302
0.09681840807199478
0.10053773000836372
0.09923266381025314
0.10024500846862792
0.09633959367871285
0.0980426423996687
0.09888328075408935
0.10068074829876422
0.1020215730369091
0.0954675467312336
0.10357713006436825
0.1048098710924387
0.10151593267917633
0.10409434542059898
0.10278046384453773
0.10193990081548691
0.10071001067757607
0.10408765465021133
0.10192813858389854
0.10022612757980824
0.10441961869597435
0.10577479600906373
0.09924441568553448
0.10654476791620254
0.10183635964989662
0.09824667438864708
0.10177023634314537
0.10016833856701851
0.09803415805101395
0.10068215638399124
0.10183921113610267
0.1001812220364809
0.09487367182970047
0.0945149104297161
0.1022392076998949
0.0965528879314661
0.10135493725538254
0.09857420340180396
0.09486787095665931
0.10220980733633041
0.09774024337530136
0.09877208389341831
0.10198598600924015
0.10194870010018349
0.10234986685216427
0.10266323804855347
0.09399250239133834
0.09800528042018414
0.09693599648773671
0.09870745912194252
0.09763317689299583
0.10098159916698933
0.0945581004023552
0.10492876023054123
0.10206578686833381
0.09867660105228424
0.10025167122483253
0.0993167605996132
0.10280291266739368
0.10333405196666717
0.10194453231990337
0.09673121839761734
0.10405932888388633
0.10035383611917496
0.09883908554911613
0.09727656207978726
0.09627441823482513
0.09932263851165772
0.10085903204977513
0.10218636475503445
0.10031846821308137
0.10014651641249657
0.0930538883060217
0.10299544274806977
0.09548527739942074
0.10349070116877555
0.09621359139680863
0.09799128860235214
0.09530082404613495
0.09763586468994617
0.09670517310500144
0.09990348383784294
0.09154043473303318
0.09754813104867935
0.0987370840460062
0.10328707188367843
0.10021458670496941
0.09754354245960713
0.10099104844033718
0.1042438605427742
0.09893777415156364
0.10072816252708434
0.0990491596609354
0.10365589872002602
0.09595040410757065
0.10297471627593041
0.09531596675515175
0.09882192023098468
0.09595352947711945
0.10104627668857574
0.10133464507758617
0.09847451746463776
0.09630020827054978
0.10001337230205536
0.102625163346529
0.10362058877944946
0.10270030587911606
0.09748571939766407
0.10447980105876922
0.10027164652943611
0.0984807950258255
0.09782296344637871
0.09468111746013165
0.0990135183930397
0.0988664299994707
0.09948033481836319
0.09850277051329613
0.10171165749430656
0.09812308013439179
0.09922249630093574
0.10151054203510285
0.10363580517470837
0.10255748435854911
0.09837797060608863
0.09586922958493233
0.09587683826684952
0.10140367887914181
0.09587461240589619
0.09599065385758877
0.10480794623494148
0.09211654596030712
0.09807571515440941
0.09802494838833808
0.0901020336151123
0.09679702363908291
0.09534557893872261
0.09826364994049072
0.10042173728346825
0.10072644233703613
0.10378842048346996
0.1003617513179779
0.09943422324955463
0.09772373765707015
0.09268612705171109
0.09483068652451038
0.09327241100370884
0.09908026486635207
0.09353724837303162
0.09605753324925899
0.09913216575980187
0.09547326236963272
0.09524093531072139
0.10092211998999119
0.09679868303239346
0.09457557871937752
0.09987676374614239
0.1017249085009098
0.09801870934665204
0.10129771828651428
0.0945420317351818
0.09757104896008968
0.10346067652106285
0.09597221717238426
0.09715116441249848
0.09799858570098877
0.09831431716680526
0.09544640868902206
0.09876908808946609
0.09472271665930748
0.10164576679468156
0.0976481306552887
0.09550424352288246
0.09723132744431495
0.09595720238983631
0.09659051261842251
0.09566119074821472
0.09268481485545635
0.09438331566751003
0.1023850218206644
0.0944042406976223
0.10172684915363789
0.09717007890343667
0.09698555931448936
0.09966208837926388
0.09601838365197182
0.10022496305406094
0.09457357540726662
0.09590354666113854
0.0995958499610424
0.10122048512101173
0.09286809854209423
0.09672716625034809
0.09826536528766155
0.0962928931415081
0.09652041785418987
0.09885825484991073
0.09622144065797329
0.09511098027229309
0.09500274181365967
0.10240596786141395
0.09846015557646752
0.10467605799436569
0.10370177902281284
0.09804850295186043
0.0994443841278553
0.09244628891348838
0.09606618821620941
0.09724073469638825
0.09507822014391422
0.09867638438940048
0.10075495675206185
0.10059344410896301
0.09442777298390866
0.09819415271282196
0.09682861752808095
0.09705749399960041
0.0896270614117384
0.09707682751119137
0.09625353746116161
0.1003649277240038
0.1032779174298048
0.09609047755599022
0.09908209145069122
0.09608010113239289
0.08910959124565125
0.0973606164753437
0.09442078948020935
0.09569028250873089
0.0937972192466259
0.10093398556113244
0.09490928143262863
0.1000608230382204
0.0955962833762169
0.09551718562841416
0.09765842966735364
0.0987335528433323
0.09414025999605656
0.10133093550801277
0.09698393315076828
0.0973277448862791
0.09399841509759427
0.09487889714539051
0.09673669449985027
0.09419175684452057
0.09380798287689686
0.09659589253365994
0.09600909486413002
0.09286339685320855
0.0934314028173685
0.09824315495789052
0.09555073544383048
0.09477110907435417
0.1018651095032692
0.0968284011632204
0.09979217931628227
0.09400599300861359
0.0990336261689663
0.0930594078451395
0.09555436313152313
0.09034549437463284
0.0994882695376873
0.09471241034567356
0.10347482107579709
0.09995581172406673
0.09553426116704941
0.10109486848115921
0.09874001555144787
0.09460463687777519
0.09618044197559357
0.09129304066300392
0.09425634361803531
0.09844275690615177
0.09780442401766777
0.10132441729307175
0.09866755180060864
0.09833394341170788
0.09635400861501693
0.09947280839085579
0.0946607095003128
0.09442462675273418
0.09821501158177853
0.0954905754327774
0.09385497443377971
0.10032253928482532
0.0923653008043766
0.09789573766291142
0.0984757611900568
0.09591751761734485
0.10084139935672283
0.09620020233094692
0.09962506368756294
0.10282631702721119
0.09123361334204674
0.0999670085310936
0.09520562030375004
0.09749305821955204
0.10147215373814106
0.09577234074473381
0.09990335561335087
0.09228623442351819
0.09695930898189545
0.09421164952218533
0.09723157197237015
0.09008037477731705
0.10224486142396927
0.09981097668409347
0.09449249848723412
0.09580625437200069
0.09749241709709168
0.09468695223331451
0.09638206459581852
0.09412960685789586
0.09997025102376939
0.0878824594244361
0.097845473960042
0.0918573821336031
0.10170848071575164
0.09824913583695888
0.10113142400979996
0.09544106654822826
0.09898964345455169
0.09751975744962692
0.10005218058824539
0.09434811778366566
0.09793059401214123
0.09880526848137379
0.09518540024757385
0.10231262177228928
0.09818819195032119
0.09597080394625664
0.0969614776223898
0.10347462654113769
0.09262957341969014
0.09773242339491844
0.09516852200031281
0.09822139717638492
0.10214094355702401
0.100041793435812
0.09527673460543155
0.10224241614341736
0.10011978507041931
0.10265462584793568
0.0985419449210167
0.0930457615107298
0.09780750311911106
0.0947952276468277
0.09797527872025967
0.09312336549162864
0.09656718164682389
0.08981913357973098
0.09505066931247712
0.09095233410596848
0.09626355677843094
0.09311645522713662
0.09415044397115707
0.09549917683005332
0.09471183434128762
0.10023170739412307
0.0927480148524046
0.10326415389776229
0.09402454361319541
0.09719891056418418
0.09710838206112385
0.09694964170455933
0.09202505819499493
0.0918239962309599
0.09117879763245583
0.10088188894093036
0.09298973932862281
0.09399597182869911
0.10264174208045006
0.09203915923833847
0.0952536503970623
0.09533255629241466
0.0981590623408556
0.09600379534065723
0.09496456980705262
0.09785335935652256
0.09665421269834042
0.09486132830381394
0.09447627000510693
0.09817024812102318
0.09323135167360305
0.09329112812876701
0.09638592675328254
0.09310935258865356
0.09937959648668766
0.09628529146313668
0.09642753064632416
0.09698209702968598
0.09890910007059574
0.09419224426150322
0.09366956867277622
0.09321386449038982
0.0954719514399767
0.10046315521001815
0.08987787447869777
0.09655480399727821
0.0921309556812048
0.09567974209785461
0.09540263295173645
0.09785222701728344
0.09372559830546379
0.10181612879037857
0.1033805649727583
0.11360174879431724
0.10951409339904786
0.10836548566818237
0.10656386762857437
0.10510104924440383
0.10633948132395744
0.10694016776978969
0.10475391745567322
0.10132374443113804
0.10166208229959012
0.10340245723724366
0.10803737014532089
0.10236591555178165
0.10438893496990204
0.09926137700676918
0.10303401574492455
0.10258036479353905
0.10201468721032142
0.10130788221955299
0.1019799656420946
0.10023948401212693
0.10545790575444698
0.1037861417979002
0.09982124254107476
0.09925343684852123
0.1050393483042717
0.09585718885064125
0.09942833624780179
0.09724663652479648
0.1002192372828722
0.09960312910377979
0.1024365846067667
0.10179760530591012
0.10286470264196396
0.10130500093102456
0.09979950197041035
0.10054434917867183
0.09899797603487968
0.10047558069229126
0.1031714953482151
0.09861880838871002
0.10001065596938133
0.10136257149279118
0.09703727073967457
0.10024835437536239
0.101672822535038
0.10265240482985974
0.09540732786059379
0.09469747230410576
0.09945186197757722
0.09963169977068902
0.09828070826828479
0.0983207830786705
0.10346988089382649
0.09850753240287304
0.09927290126681328
0.0938242531567812
0.09836506001651286
0.10270465545356273
0.10095059767365455
0.09817349657416344
0.09934613592922688
0.10196243882179261
0.10051624596118927
0.09955245546996594
0.10088724076747894
0.09976678133010865
0.10316940516233444
0.09723083198070526
0.10044914640486241
0.10509282037615776
0.09991298235952854
0.10173115462064743
0.09865953043103218
0.09869818732142449
0.10227309577167035
0.10081780210137367
0.10357114270329476
0.09881101537495851
0.10210708267986775
0.1001452299952507
0.10727790787816048
0.09680960185825825
0.09419060595333577
0.09716415382921696
0.09678874865174293
0.1018998534232378
0.09721572756767273
0.0989391715824604
0.09842721693217754
0.09924028292298318
0.09954336255788804
0.10216482013463973
0.09966013304889203
0.09979686513543129
0.10146906122565269
0.09293996825814248
0.09842108644545078
0.10362658135592938
0.09902593806385994
0.0998242150247097
0.09678095683455468
0.09641059704124927
0.09700170516967774
0.09762442730367184
0.097677571028471
0.09893419109284877
0.09961880333721637
0.09518037714064122
0.09989950761198997
0.09276174679398537
0.09776104502379894
0.0982019068300724
0.09368846356868744
0.10077227421104908
0.09951019324362279
0.09733169630169869
0.09613016784191132
0.09769882760941982
0.09870016440749169
0.10290782995522023
0.0977082373201847
0.0966094247251749
0.09661733098328114
0.10489407323300838
0.10465222388505936
0.1062952896952629
0.1053007596731186
0.09842147588729859
0.09726939581334591
0.100135183557868
0.09436185181140899
0.10002708844840527
0.10355938039720058
0.0947109892219305
0.09848611325025558
0.1019962751865387
0.10009423218667507
0.09617775164544583
0.10392650187015534
0.09834727227687835
0.09864220820367336
0.09853684559464454
0.09033994287252427
0.09644090369343758
0.10283159226179123
0.09899783365428448
0.09629244551062584
0.10211425006389618
0.0934851686656475
0.10137412182986737
0.10018846467137336
0.10401609167456627
0.09867582112550735
0.10499271646142005
0.09778496213257312
0.09869681812822818
0.0985349128395319
0.09980977281928062
0.09953619934618473
0.0903550685942173
0.09866653569042683
0.09534349106252193
0.09273129120469094
0.09487146891653538
0.09889307387173175
0.10456166908144951
0.09992249429225922
0.09907416984438897
0.1003366082161665
0.09818066596984863
0.0983077809214592
0.10135335616767406
0.09817473895847798
0.10020104758441448
0.10057862870395183
0.09676705740392208
0.09756093315780162
0.0995693153142929
0.0996990679204464
0.09631688244640828
0.10097913131117821
0.10188014015555381
0.0984907729178667
0.09845836527645588
0.10218398869037629
0.09846660397946834
0.09780797883868217
0.09700447257608175
0.09607661224901676
0.09017742231488228
0.09706593863666058
0.09914790622889996
0.10053635738790036
0.10019630275666713
0.09917286016047001
0.10123737528920174
0.10257475003600121
0.0917901834845543
0.10173322975635529
0.09536927685141564
0.09279206469655037
0.09769336871802807
0.09940080106258392
0.09779884487390518
0.09492338120937348
0.09856614619493484
0.09317079976201058
0.10052250161767005
0.09455853313207627
0.09554073110222816
0.104613993242383
0.10057142965495586
0.09559176385402679
0.09687615573406219
0.09715564757585525
0.09888554334640504
0.09987295985221863
0.09914868295192719
0.1013045134395361
0.10140236355364322
0.09160085827112198
0.09957174338400364
0.09901602797210217
0.10322552137076854
0.09583385638892651
0.10254046522080898
0.0989436624199152
0.08967674970626831
0.09804954685270786
0.10201926477253437
0.09768722116947175
0.10452886261045932
0.09688099667429924
0.09706654593348503
0.10397967353463172
0.09898047506809235
0.10433300301432609
0.09709497407078743
0.09557685352861882
0.09575231082737445
0.10328007936477661
0.0983239771425724
0.09934375017881393
0.10016836248338222
0.09979170724749566
0.09684732936322689
0.09774552255868912
0.10657351985573768
0.09670316845178605
0.09719685181975364
0.10081501848995686
0.09476619459688664
0.09888668686151504
0.09943881124258042
0.09988942347466946
0.09472454786300659
0.10024785116314888
0.09546008937060833
0.10265345156192779
0.09496907778084278
0.0982454039901495
0.1006486327201128
0.10034667454659939
0.09515761069953442
0.09493474274873734
0.09620508067309856
0.09591465026140213
0.09584936887025833
0.09825166128575802
0.09979699723422528
0.09684171490371227
0.10056159228086471
0.1009775772690773
0.09911691024899483
0.09564166821539402
0.09862494193017483
0.09628972806036472
0.09906221330165862
0.09590039752423764
0.10331472598016261
0.0995270149409771
0.09475162081420421
0.10282979875802994
0.09676119275391101
0.10016704514622689
0.09988626182079315
0.09762988492846489
0.09875042609870434
0.09530058406293392
0.10234450757503509
0.10078546613454818
0.09940429866313934
0.09668421618640423
0.10023422583937645
0.0971513593941927
0.09991820856928825
0.09547210462391377
0.09828398555517197
0.09875824831426144
0.0946412281692028
0.10668158069252968
0.10093976072967052
0.10183157049119472
0.10035087428987026
0.0999765158444643
0.09566021293401718
0.09931535676121711
0.09724390305578709
0.09973778113722802
0.10079954370856285
0.10304672971367836
0.09651180170476437
0.09842064574360848
0.09467782504856587
0.09593557044863701
0.1016791082918644
0.0921179947257042
0.09612293466925621
0.0995267590880394
0.09764795206487178
0.09637841336429119
0.09220694437623024
0.0985570117086172
0.0931626858562231
0.09603559397161007
0.10203447334468364
0.09790679514408111
0.09865919768810272
0.0986759351938963
0.10134358085691929
0.10152762964367866
0.09933861017227173
0.09696968495845795
0.09522010236978531
0.09653459385037422
0.09607796549797058
0.10293255351483822
0.09975560650229454
0.10080152608454228
0.0986921101808548
0.09707649737596512
0.09946606919169426
0.1024367567896843
0.09784671053290367
0.09458059966564178
0.10164245836436749
0.10005475506186486
0.09811171375215054
0.10044672451913357
0.09885509669780732
0.09332756094634533
0.09699731424450875
0.09891861274838448
0.10108828626573085
0.10248429223895072
0.09851195938885211
0.10356140024960041
0.09766894690692425
0.09801803544163704
0.09607980258762837
0.09446491405367852
0.0942920508980751
0.09417445607483386
0.09630507551133632
0.09861831054091454
0.09289236336946488
0.09571344025433064
0.09668767020106316
0.09406281754374504
0.10104845687747002
0.09783711940050126
0.09755351774394512
0.09778143830597401
0.10000159576535225
0.10220472775399685
0.09732717424631118
0.09553921490907669
0.09194838926196099
0.09871719613671302
0.09687943160533904
0.09532450258731842
0.10106823094189167
0.09645228587090969
0.09741800174117088
0.0989898320287466
0.09673760518431664
0.09779658816754817
0.10207745864987373
0.09322793081402779
0.10003774628043174
0.0954682134091854
0.10166667148470879
0.0998480561375618
0.09870903342962264
0.09568524584174157
0.09885430052876472
0.09657968260347843
0.10142001882195473
0.09347199209034443
0.09430280260741711
0.09304713919758796
0.09313642054796219
0.0920531465858221
0.0978645296394825
0.10035962089896203
0.09089847698807717
0.09553122371435166
0.09479181185364723
0.09698970265686511
0.09519828535616398
0.09883759818971156
0.09575865007936954
0.09662509776651859
0.09900149710476398
0.09591461323201657
0.09220080569386482
0.09830684937536717
0.09271721690893173
0.09792466223239898
0.10134986743330955
0.09673772573471069
0.09503376342356205
0.09637826047837734
0.09449395038187504
0.09807326056063176
0.09895197212696076
0.09774899534881115
0.09700054384768009
0.09825024455785751
0.09307337701320648
0.09587804742157459
0.09922499559819699
0.09971660144627094
0.0953886067867279
0.0882829187810421
0.09652023889124393
0.0916510222107172
0.09994161970913411
0.10216592401266097
0.09597593419253826
0.09341985806822777
0.09745397321879863
0.09915599435567855
0.10166228763759136
0.09434297151863574
0.09169875875115395
0.10485180504620076
0.0960850890725851
0.10080995790660381
0.09454898074269295
0.0934067104011774
0.10562237828969956
0.09948313921689987
0.09586441412568092
0.09919411607086659
0.09494285866618156
0.09810448601841927
0.09592158779501915
0.09728941552340985
0.09427808903157711
0.09772470287978649
0.09761513873934746
0.09352824442088604
0.09702400214970112
0.09648113735020161
0.09492871768772602
0.09506569385528564
0.10541949354112148
0.0990514613687992
0.10178642183542251
0.09582329362630844
0.09861835271120072
0.0975070259720087
0.1017723359912634
0.0987477196753025
0.09799424432218075
0.0925371477752924
0.09586867928504944
0.09978610500693322
0.09549257598817348
0.09950161434710025
0.09636597394943237
0.09635511621832847
0.10341520965099335
0.09026858702301979
0.10275527335703373
0.09394430607557297
0.09963792331516742
0.10083125956356526
0.10254214696586132
0.10040004312992096
0.09817821152508259
0.10196098402142524
0.09581799842417241
0.09446567833423615
0.10193921156227588
0.08920933298766613
0.09654787853360176
0.10050421848893165
0.09630989030003548
0.0975515827536583
0.09751374669373035
0.09976948291063309
0.09652587831020355
0.09306024014949799
0.0977224063873291
0.09745619364082814
0.09381931267678738
0.09354991629719735
0.09071489162743092
0.09791146583855152
0.09963503785431385
0.094698084294796
0.09745455905795097
0.1034647710621357
0.09696699723601342
0.09705190591514111
0.0959311755001545
0.1025725208222866
0.1014092555642128
0.1007599588483572
0.0934934226423502
0.0997608832269907
0.10046767123043537
0.09571735776960849
