1.9120900130271912
1.9047672390937804
1.946607358455658
1.9784015941619872
1.9016852045059205
1.9198024225234986
1.8695404052734375
1.8504153728485107
1.7981117939949036
1.8148750138282777
1.8378686666488648
1.7736821293830871
1.770681369304657
1.783541452884674
1.7584796929359436
1.7410257530212403
1.745587980747223
1.7468477964401246
1.726797046661377
1.7079527974128723
1.7305364942550658
1.6928447484970093
1.75709233045578
1.7339324641227722
1.7041580557823182
1.7496361446380615
1.693531563282013
1.6855295276641846
1.7457821226119996
1.68470867395401
1.692073130607605
1.6615826296806335
1.6504551434516908
1.707284917831421
1.6297188138961791
1.682646632194519
1.701146731376648
1.6897246980667113
1.6859532403945923
1.6461834764480592
1.6596133351325988
1.6687532734870911
1.6426676416397095
1.6367259860038756
1.6413653588294983
1.6462105059623717
1.6760100865364074
1.6574943828582764
1.6120614361763002
1.5890799808502196
1.5834327507019044
1.6106248927116393
1.6233889365196228
1.6039076328277588
1.6063710618019105
1.6331117391586303
1.6189169430732726
1.5662492942810058
1.5677150869369507
1.528321352005005
1.5886325311660767
1.5666486358642577
1.6070425343513488
1.5749372792243959
1.5791114640235902
1.5836932396888732
1.5875941848754882
1.571133210659027
1.5534141373634338
1.5667768406867981
1.5857242298126222
1.5611098742485046
1.607408468723297
1.557941541671753
1.5774003219604493
1.5529707431793214
1.5231884407997132
1.5392868494987488
1.5635577154159546
1.5663014817237855
1.5827030944824219
1.5417898774147034
1.5390719652175904
1.5716075921058654
1.5577390551567079
1.5735113072395324
1.546607849597931
1.529620440006256
1.5421226263046264
1.520493516921997
1.5084471821784973
1.5541996431350709
1.5214739203453065
1.5541557502746581
1.5280994606018066
1.5498095917701722
1.555644085407257
1.5236488676071167
1.532146053314209
1.5596484160423278
1.5195163917541503
1.5314854073524475
1.509573185443878
1.5696804451942443
1.4985549020767213
1.478710753917694
1.529219250679016
1.5397171568870545
1.4911260294914246
1.5081223821640015
1.53961421251297
1.505830225944519
1.5229698896408081
1.5416687989234925
1.5419367122650147
1.5539107871055604
1.4963795924186707
1.4894685530662537
1.5264963436126708
1.4991845989227295
1.5205403137207032
1.5606442189216614
1.528062298297882
1.5232308077812196
1.5714593291282655
1.489780731201172
1.505594913959503
1.4937401437759399
1.5231453371047974
1.529985682964325
1.4626916980743407
1.4997081542015076
1.4831709575653076
1.4901521229743957
1.464167490005493
1.4802817153930663
1.4840344285964966
1.4983033084869384
1.51558354139328
1.4483752465248108
1.532189211845398
1.5456829619407655
1.516871988773346
1.534427397251129
1.5170439982414246
1.5112851095199584
1.5018877100944519
1.5313586759567261
1.5108820652961732
1.4994075274467469
1.5336488175392151
1.5552475666999817
1.4780355501174927
1.5559663653373719
1.510779345035553
1.478338553905487
1.507797589302063
1.4907995533943177
1.471508376598358
1.5012336921691896
1.50769202709198
1.495145001411438
1.4356567287445068
1.4462204015254974
1.5174586701393127
1.4621689534187317
1.5135161423683166
1.4854259634017943
1.4390382814407348
1.5211788034439087
1.472566270828247
1.4830496335029602
1.5239019966125489
1.5116592288017272
1.5217456710338593
1.516791089773178
1.4337282967567444
1.4725951313972474
1.4650382709503174
1.4834656023979187
1.4780405640602112
1.5054513716697693
1.4387953162193299
1.5445221519470216
1.5091663694381714
1.4741165375709533
1.4916401648521422
1.4805914044380188
1.518921663761139
1.512497079372406
1.5108636379241944
1.4487362718582153
1.5321007943153382
1.4888929009437561
1.4783383202552796
1.4695541119575501
1.4542215061187744
1.4820959043502808
1.5058184003829955
1.524366147518158
1.4980256700515746
1.496282286643982
1.4237492609024047
1.5306688046455383
1.444393663406372
1.5316968441009522
1.4578101491928102
1.467770767211914
1.4454418921470642
1.4628251886367798
1.4599017572402955
1.4853127682209015
1.4049802112579346
1.4707929825782775
1.4811358880996703
1.527254023551941
1.4938992404937743
1.4604185962677
1.5023489558696748
1.5225730395317079
1.4793608975410462
1.4962803316116333
1.4796477699279784
1.5343038249015808
1.4436007785797118
1.518487253189087
1.441555881500244
1.4805463027954102
1.449726173877716
1.501356372833252
1.5178671443462373
1.477479305267334
1.4570424342155457
1.486534333229065
1.5205618023872376
1.5223639941215514
1.5279451251029967
1.4622578191757203
1.5393928241729737
1.5044032955169677
1.4718252515792847
1.4631910562515258
1.4336291909217835
1.4808649230003357
1.4812054705619813
1.4918050360679627
1.4790181612968445
1.5016100549697875
1.475728259086609
1.4825149869918823
1.4942661905288697
1.522349498271942
1.5104940795898438
1.4729918265342712
1.4573671650886535
1.4513391172885894
1.5075569200515746
1.455757076740265
1.4513074374198913
1.5395549035072327
1.4085613536834716
1.479095470905304
1.4708627581596374
1.3845081734657287
1.4558943557739257
1.4400684571266174
1.4767342829704284
1.4919366478919982
1.4941063714027405
1.5294992327690125
1.4920751190185546
1.4775924181938171
1.4647966527938843
1.4107287788391114
1.4409475541114807
1.4234935998916627
1.4850004053115844
1.4264134764671326
1.440943021774292
1.4828193736076356
1.445715503692627
1.445581077337265
1.4986121320724488
1.464185242652893
1.4400355648994445
1.487522575855255
1.507959840297699
1.4711027836799622
1.4999264574050903
1.4327800989151
1.4805550479888916
1.527780957221985
1.4456597137451173
1.4483220553398133
1.4685211086273193
1.4690243768692017
1.4380993580818175
1.4743296337127685
1.4316263318061828
1.5148582363128662
1.4713734579086304
1.4414932775497435
1.4639805412292481
1.4448237490653992
1.4541417360305786
1.4440767574310303
1.4153939604759216
1.4305133974552156
1.5078237676620483
1.4237821531295776
1.499139084815979
1.4516009449958802
1.4610369443893432
1.4821131753921508
1.451516112089157
1.4901497125625611
1.4366220569610595
1.4475375699996949
1.48067880153656
1.4989485239982605
1.4136334764957428
1.4532572436332702
1.461645700931549
1.4483798170089721
1.444799370765686
1.4748363924026489
1.4486990427970887
1.434424557685852
1.4281122636795045
1.5050238585472107
1.4665853047370911
1.5314815521240235
1.5171358680725098
1.4611529564857484
1.4922561192512511
1.409283537864685
1.4489027285575866
1.4562082815170287
1.4321461009979248
1.467592053413391
1.4899381256103517
1.4868878817558289
1.4233058643341066
1.4707489275932313
1.4460610628128052
1.4566684412956237
1.3889510071277618
1.4722470927238465
1.4394830012321471
1.4879566931724548
1.5166158962249756
1.448600299358368
1.4754495418071747
1.4443043351173401
1.3711620700359344
1.4714134001731873
1.4195410871505738
1.4365742683410645
1.424742341041565
1.4967481803894043
1.4299772715568542
1.485560678243637
1.4417763328552247
1.44250385761261
1.4512363648414612
1.4674026226997376
1.430471795797348
1.4925644993782043
1.447585859298706
1.4555131673812867
1.4252662181854248
1.4292395615577698
1.4499952960014344
1.4174975490570068
1.4218098306655884
1.4417110860347748
1.4416830086708068
1.4130561566352844
1.4225388479232788
1.474665801525116
1.4337656688690186
1.4281586384773255
1.507212345600128
1.4509504127502442
1.4774150085449218
1.423595665693283
1.4778704714775086
1.4079292178153993
1.4402699744701386
1.3783068299293517
1.4757046461105348
1.4209453225135804
1.5281973600387573
1.4866098773479461
1.4397858738899232
1.4859120655059814
1.4665256190299987
1.4250721478462218
1.4430981516838073
1.3932640171051025
1.421477210521698
1.4663370990753173
1.4609417259693145
1.4891561722755433
1.4648837375640869
1.4639444231987
1.4418708777427673
1.4648615741729736
1.4286779189109802
1.425635085105896
1.4617947101593018
1.4292388248443604
1.41317125082016
1.476974734067917
1.407366898059845
1.4585408616065978
1.4712039756774902
1.4391371965408326
1.495752990245819
1.4475601673126222
1.478277062177658
1.5052053260803222
1.388158198595047
1.4818165731430053
1.4366708862781525
1.4632924461364747
1.489110722541809
1.4294672107696533
1.4778270959854125
1.400471692085266
1.450141019821167
1.4221140098571778
1.4418588805198669
1.3863017678260803
1.497515230178833
1.4684921789169312
1.4220133781433106
1.440315535068512
1.4601767086982727
1.4156592893600464
1.4440907120704651
1.417453900575638
1.4739107298851013
1.361057413816452
1.4605030119419098
1.393657581806183
1.49566734790802
1.4533902764320374
1.4874822497367859
1.428918479681015
1.4761780571937562
1.4482645869255066
1.4785638904571534
1.4233625149726867
1.4616400051116942
1.4616685128211975
1.4279946386814117
1.5017179799079896
1.4571636533737182
1.4345074248313905
1.4462569785118102
1.5085763812065125
1.3970450675487518
1.4496688103675843
1.4273863124847412
1.4634366416931153
1.5012857806682587
1.476745994091034
1.4200720310211181
1.499853115081787
1.47995534658432
1.508744558095932
1.4574993801116944
1.4080483388900757
1.4630609345436096
1.4246224999427795
1.464631402492523
1.4088452768325805
1.437567684650421
1.374408676624298
1.4309116554260255
1.3799100565910338
1.439123001098633
1.4155509328842164
1.421182930469513
1.424803593158722
1.420540030002594
1.4828998994827272
1.396793895959854
1.5092020654678344
1.4196942305564881
1.442846496105194
1.4456302165985107
1.4483221518993377
1.399656412601471
1.4020595932006836
1.384089138507843
1.4861308240890503
1.40541335105896
1.4196601581573487
1.502233874797821
1.3883124780654907
1.428290351629257
1.4284966921806335
1.4554336059093476
1.430424599647522
1.4295409607887268
1.461227777004242
1.4421037697792054
1.4299437022209167
1.4282026076316834
1.4630554246902465
1.4087521958351135
1.4088212490081786
1.4412122535705567
1.412813720703125
1.4774626255035401
1.4432165670394896
1.434977856874466
1.4401396608352661
1.4652236557006837
1.410314998626709
1.4145115447044372
1.4209419107437133
1.4274700605869293
1.4870875597000122
1.3717095899581908
1.4411783242225646
1.3960426902770997
1.4383542370796203
1.4257171773910522
1.4448925709724427
1.4086879909038543
1.568685803413391
1.6585286498069762
1.7944009828567504
1.761474461555481
1.745045793056488
1.7181193208694459
1.6978846263885499
1.6950096035003661
1.7007378005981446
1.6775800895690918
1.6274807238578797
1.636945240497589
1.6445614314079284
1.6868011665344238
1.6237768340110779
1.644947361946106
1.595024881362915
1.6175474762916564
1.6269767093658447
1.602161684036255
1.604797236919403
1.6069849920272827
1.594570858478546
1.645079290866852
1.627892985343933
1.5724134039878845
1.57741553068161
1.6334832215309143
1.5371441173553466
1.5679193365573882
1.5442911434173583
1.5742847037315368
1.5660599517822265
1.589774613380432
1.5953209137916564
1.6033714842796325
1.5826943874359132
1.5635276889801026
1.570937044620514
1.5502084922790527
1.5654558086395263
1.599619243144989
1.5494200372695923
1.5604111087322234
1.5719839429855347
1.5318788647651673
1.562912037372589
1.5730046439170837
1.588668270111084
1.5098238968849182
1.4977371382713318
1.557660539150238
1.5559280300140381
1.5370256614685058
1.5430134844779968
1.6004207611083985
1.5507427763938904
1.5512002944946288
1.4952851700782777
1.5387909150123595
1.5818118262290954
1.5576547217369079
1.5327274417877197
1.5348235297203063
1.5601951670646668
1.554927613735199
1.5488267397880555
1.5551896739006041
1.5401736164093018
1.58276025056839
1.5158895611763001
1.5551851725578307
1.598064262866974
1.5409859919548035
1.564238395690918
1.5323329591751098
1.5369173169136048
1.5695267415046692
1.5528325462341308
1.5802498984336852
1.5307585084438324
1.5703087759017944
1.5436039972305298
1.61885413646698
1.5136105155944823
1.4850263500213623
1.5156266021728515
1.5188078331947326
1.5648234367370606
1.5102385520935058
1.5332488203048706
1.5265687537193298
1.5242032527923584
1.538570065498352
1.5730397963523866
1.5370953512191772
1.5424000525474548
1.5561421966552735
1.463779947757721
1.5185866999626159
1.5720832204818727
1.5214188599586487
1.5292404055595399
1.5029109632968902
1.5034015846252442
1.510381383895874
1.518227698802948
1.5213048076629638
1.5303294229507447
1.5273269057273864
1.4886196565628051
1.532491363286972
1.4670123267173767
1.5132295441627504
1.5236412715911865
1.466707580089569
1.5448562550544738
1.5295616507530212
1.5121771168708802
1.4910604357719421
1.5080300855636597
1.529732141494751
1.5713122367858887
1.5122854280471802
1.4933178043365478
1.4969772243499755
1.5815573930740356
1.5764699268341065
1.5907182955741883
1.5896406173706055
1.517906346321106
1.51252108335495
1.5352400958538055
1.4706957411766053
1.5331305384635925
1.5737622117996215
1.479172887802124
1.5163056564331054
1.5465755820274354
1.5253408813476563
1.4987862849235534
1.5695446252822876
1.5146302390098572
1.5168177437782289
1.5163738870620727
1.435091941356659
1.4971054482460022
1.5687570142745972
1.5218745160102845
1.4909879684448242
1.5567688250541687
1.464040253162384
1.5470736026763916
1.529608474969864
1.5642448091506957
1.5149641251564026
1.5778093314170838
1.4995409035682679
1.5202109980583192
1.5236943507194518
1.5303911995887756
1.5290610051155091
1.4333687376976014
1.519929220676422
1.4736164140701293
1.4502364850044251
1.4798215913772583
1.5224491548538208
1.574773256778717
1.533327991962433
1.515018630027771
1.5278337359428407
1.50536785364151
1.509026391506195
1.5346127796173095
1.5086698508262635
1.531805429458618
1.5390103936195374
1.4951726007461548
1.494926679134369
1.516423990726471
1.5248221802711486
1.4953733968734741
1.5342396259307862
1.5450248765945434
1.5093852925300597
1.5085762739181519
1.5517382073402404
1.50720840215683
1.5070186901092528
1.4977411651611328
1.4876500988006591
1.4250675582885741
1.4993849444389342
1.5211298537254334
1.5341108381748199
1.5291240906715393
1.5120892095565797
1.5414466786384582
1.5526865410804749
1.439612340927124
1.5396258521080017
1.4828722715377807
1.4501886355876923
1.5117203831672668
1.5124422216415405
1.5089496326446534
1.47483834028244
1.5114493560791016
1.4516606640815735
1.5249901747703551
1.4705285620689392
1.4797746896743775
1.572750301361084
1.5279354429244996
1.47422513961792
1.4911589121818543
1.4977742528915405
1.5113274240493775
1.5152757740020752
1.517705180644989
1.5333675146102905
1.532197027206421
1.4432423210144043
1.5187921595573426
1.512641282081604
1.5524707353115081
1.4763220512866975
1.5384161615371703
1.5116584372520447
1.4202894639968873
1.5112071704864503
1.549656755924225
1.4988151705265045
1.5653148436546325
1.4892986702919007
1.4885991406440735
1.5667809557914734
1.5172989058494568
1.576780664920807
1.4952792608737946
1.4783365941047668
1.4815204930305481
1.5528597664833068
1.5011918497085572
1.5155745911598206
1.5359830451011658
1.5156560111045838
1.4843686985969544
1.4960758066177369
1.5903664350509643
1.4965228581428527
1.4944409775733947
1.5393638801574707
1.4611907982826233
1.5112007546424866
1.5212768602371216
1.5117409062385558
1.4694788813591004
1.5283150267601013
1.4763946509361268
1.5491802382469178
1.473485950231552
1.5014660024642945
1.5310206735134124
1.525608172416687
1.4742785954475404
1.471622381210327
1.4866030502319336
1.4734983849525451
1.4751574444770812
1.5029373240470887
1.5152674770355226
1.489600760936737
1.5234455513954162
1.5291023874282836
1.5096705722808839
1.4778515577316285
1.5091125178337097
1.4806046175956726
1.509594852924347
1.4799673223495484
1.5610989499092103
1.5196221852302552
1.469187650680542
1.5548228740692138
1.4822610783576966
1.5190306091308594
1.5189257454872132
1.4868015360832214
1.5056927299499512
1.466264488697052
1.5424686884880066
1.5213516354560852
1.5098872876167297
1.4813731932640075
1.521977436542511
1.4945282530784607
1.5088808488845826
1.4766077947616578
1.504582998752594
1.5118243980407715
1.4687125754356385
1.5852930641174316
1.5264037013053895
1.5390723204612733
1.5182155513763427
1.5094717741012573
1.464697971343994
1.5170634198188782
1.4943447089195252
1.5153422665596008
1.5257025599479674
1.5504176664352416
1.4804805314540863
1.4991941618919373
1.4624426531791688
1.4748095703125
1.5292321562767028
1.4363852167129516
1.4841865801811218
1.5183608865737914
1.4967131209373474
1.48203444480896
1.4347931790351867
1.4989473247528076
1.4437625622749328
1.4830010867118835
1.5370045757293702
1.5048709082603455
1.5071547961235046
1.5045828700065613
1.5293742108345032
1.536440176963806
1.516535849571228
1.484921500682831
1.4679911541938782
1.4714623129367828
1.4820868158340454
1.542275502681732
1.5124779272079467
1.5218725419044494
1.5053632164001465
1.484043083190918
1.5102322554588319
1.5470500946044923
1.4982133150100707
1.4561222910881042
1.527231650352478
1.5122963404655456
1.49666157245636
1.5219727015495301
1.5084454274177552
1.4473682427406311
1.4791108608245849
1.505482873916626
1.5270940732955933
1.5350244879722594
1.4989328169822693
1.5480706024169921
1.4885557317733764
1.4854984402656555
1.4774547338485717
1.4628573036193848
1.45221040725708
1.4537800300121306
1.4794284105300903
1.5017727255821227
1.4431757807731629
1.4756173944473268
1.4807007479667664
1.4584249591827392
1.525271282196045
1.4926226425170899
1.4885095953941345
1.4923687529563905
1.5196991872787475
1.5412025010585786
1.4857789945602418
1.4626239800453187
1.4370443856716155
1.5042258024215698
1.4912678408622742
1.4706504809856416
1.5220374155044556
1.4838040351867676
1.4856835460662843
1.5033844828605651
1.4800820314884187
1.5035001063346862
1.53963844537735
1.4449819374084472
1.5141450929641724
1.4731134867668152
1.531664755344391
1.5176729774475097
1.5000302505493164
1.47030118227005
1.5087305474281312
1.4819414663314818
1.5329602766036987
1.4513141238689422
1.4502412700653076
1.4476889896392822
1.4436965990066528
1.4294742119312287
1.4866882467269897
1.512097680568695
1.4110883784294128
1.4655625319480896
1.4568618285655974
1.4778376889228821
1.4615814542770387
1.5057705760002136
1.4751121091842652
1.4733853363990783
1.4988190269470214
1.4755951213836669
1.4354623460769653
1.5060881900787353
1.4426267194747924
1.49974294424057
1.5343456888198852
1.483013858795166
1.4589646399021148
1.4758059406280517
1.4562286353111267
1.4947504806518555
1.5047293543815612
1.490454317331314
1.4873116731643676
1.4877769351005554
1.438588762283325
1.4751248157024384
1.5102880883216858
1.5076808965206145
1.4731620573997497
1.3847235655784607
1.4821364319324493
1.424350082874298
1.5069042468070983
1.5401394271850586
1.4720276069641114
1.445877275466919
1.4772222566604614
1.5081872606277467
1.5316054701805115
1.4551746153831482
1.4284504008293153
1.5638155817985535
1.4742715668678283
1.520149862766266
1.4663380193710327
1.4453130984306335
1.5676251220703126
1.4997633743286132
1.4617081832885743
1.5142841029167176
1.4621031999588012
1.5004231333732605
1.4706135082244873
1.4837709093093872
1.4579803323745728
1.4870330035686492
1.4881794583797454
1.4504522502422332
1.4805895972251892
1.470566864013672
1.450615782737732
1.4617617321014404
1.5686434030532836
1.5131041121482849
1.526366844177246
1.4689046764373779
1.5003961539268493
1.4843793869018556
1.5229671859741212
1.494223825931549
1.4923241209983826
1.4267311000823975
1.4702832436561584
1.5154098343849183
1.4666523790359498
1.5076844334602355
1.4703470170497894
1.475444655418396
1.5425121545791627
1.4150725507736206
1.5403789830207826
1.4514868450164795
1.503587794303894
1.5180877161026
1.5310871171951295
1.511063575744629
1.492585391998291
1.5302609872817994
1.4671169018745422
1.4537881112098694
1.5339246845245362
1.3963395655155182
1.472941267490387
1.5090002202987671
1.4695576333999634
1.4875508046150208
1.488149266242981
1.5119249665737151
1.474554057121277
1.4341651010513305
1.4876644158363341
1.492269859313965
1.4505322670936585
1.4449771857261657
1.4134192144870759
1.4832165884971618
1.503934416770935
1.455011430978775
1.4863584232330322
1.544640154838562
1.4734166407585143
1.4798442840576171
1.4684278225898744
1.536912851333618
1.52053973197937
1.5184902930259705
1.441189501285553
1.5080027103424072
1.5184825944900513
1.4689922213554383
