40.875410842895505
39.66994812011719
39.64094161987305
40.073935546875
40.00927062988281
39.77655731201172
39.7601261138916
39.71975273132324
40.03753868103027
39.78867424011231
39.80336311340332
39.98170776367188
39.81634803771973
39.73127952575683
39.48455551147461
40.07965454101563
39.50545600891113
39.446516036987305
39.48914199829102
39.048249053955075
40.010589141845706
38.885325241088864
39.376169509887696
38.87481971740723
38.76361022949219
38.80207847595215
38.71195098876953
39.07244247436523
38.69892448425293
38.45298599243164
38.16099899291992
38.30718360900879
39.0662638092041
38.98726715087891
38.046856536865235
38.23919776916504
38.361919479370115
38.30242179870606
38.41242897033691
38.249274520874025
37.66304794311523
38.221004028320316
37.79920776367187
37.00825836181641
37.11037490844726
38.073686294555664
37.558869209289554
37.24359184265137
37.9349658203125
37.60458343505859
37.238614883422855
37.174227752685546
37.63094291687012
36.833797454833984
37.43030197143555
36.918363418579105
37.45409400939941
37.75339340209961
36.71182559967041
36.803380737304686
37.175286026000975
37.16418098449707
37.66475090026856
36.77909225463867
37.34268768310547
37.09388179779053
37.08282737731933
36.56954345703125
36.294404373168945
36.86611473083496
36.548397827148435
36.70863075256348
36.7539631652832
36.744445877075194
35.96925872802734
36.31605495452881
35.99953212738037
36.33264213562012
36.21919219970703
37.15205032348633
36.47221084594727
36.34675113677979
36.581432571411135
36.93385051727295
36.34665542602539
36.025451545715335
36.683123931884765
36.77969398498535
35.96615745544434
36.22240676879883
35.81795341491699
36.0072928237915
36.388124542236326
35.952156448364256
36.20366539001465
36.35342075347901
36.52382537841797
36.59275737762451
35.81459144592285
36.239503135681154
36.652749938964845
36.174171142578125
36.10155143737793
36.67372360229492
36.558283767700196
35.598609085083005
35.39058204650879
36.14500831604004
36.04435043334961
35.92437278747558
36.33706073760986
36.218743782043454
36.61219696044922
36.54299430847168
35.34791763305664
35.875221252441406
36.34218082427979
35.87828926086426
35.65425498962402
36.312026023864746
36.39680335998535
36.12850524902344
36.16408946990967
36.61316356658936
35.89441776275635
36.211067810058594
35.69777988433838
35.61398906707764
35.60705596923828
35.69513130187988
35.84627334594727
36.16292137145996
35.78356269836426
35.282476615905765
36.32846141815185
36.30629348754883
35.636209602355954
35.00523666381836
35.82307846069336
35.47823432922363
35.22297985076904
35.89338981628418
36.25227584838867
36.28663974761963
35.41299980163574
35.77270263671875
36.142603912353515
35.945711631774905
35.95411540985108
35.99724231719971
35.290211296081544
35.688144798278806
35.698905334472656
35.27843631744385
35.78316963195801
35.87232856750488
34.933462905883786
36.23049457550049
35.97157489776611
35.360131645202635
35.873611297607425
34.89665302276612
35.587790145874024
35.88067810058594
35.86399147033691
36.16283393859863
35.52310478210449
36.879828186035155
35.56387866973877
35.546870422363284
35.91114017486572
36.49840751647949
35.864092407226565
35.6643436050415
36.241999588012696
35.29239555358887
35.35619464874267
35.279264526367186
35.953919944763186
35.9248233795166
35.61657402038574
36.464712600708005
35.714377899169925
35.643634185791015
35.309064140319826
35.47290107727051
35.92115047454834
35.67979091644287
35.97579620361328
35.03623126983643
35.36278930664062
34.9672537612915
35.37976551055908
35.09890998840332
35.650188255310056
35.657815322875976
35.40172306060791
35.42593994140625
35.60312664031982
35.502847290039064
34.82000373840332
35.41735675811768
35.723416290283204
35.54621147155762
35.82730255126953
36.04077877044678
35.778845710754396
34.79824161529541
36.17444900512695
35.97888252258301
35.60099910736084
35.498975677490236
35.414338760375976
35.72577171325683
34.61777618408203
35.193977699279785
35.79106044769287
35.38010581970215
35.87957817077637
34.72685199737549
35.68290996551514
35.45106578826904
35.95774738311768
35.767477149963376
34.72356262207031
34.7461058807373
35.49057968139648
35.93678127288818
35.50016319274902
35.27202880859375
35.772832794189455
35.94258682250977
35.560552825927736
34.62844493865967
36.028924560546876
35.29558959960937
35.633238525390624
35.15842418670654
35.24022705078125
36.06712326049805
36.03240566253662
34.83940837860107
35.484468421936036
35.69405429840088
35.49117290496826
35.59673053741455
35.31859142303467
35.25482444763183
36.45695182800293
36.006852569580076
36.12436981201172
35.03931941986084
35.90799186706543
35.54179920196533
36.25858764648437
34.935768699646
35.762112617492676
36.93276935577393
35.06946910858154
35.27848850250244
35.50155158996582
36.030184745788574
35.38360622406006
35.4634183883667
35.579966163635255
35.00983112335205
35.06163036346435
35.18102478027344
35.323888549804686
35.494022903442385
35.73792179107666
35.60626121520996
35.57171504974365
35.267112731933594
35.45151214599609
35.44068119049072
34.75036960601807
35.725140800476076
34.8941561126709
35.32686908721924
35.189113731384275
35.677324028015136
35.0804479598999
36.01280239105225
35.59015083312988
35.18947410583496
34.98246040344238
35.06466079711914
35.225126953125
34.92349411010742
35.41862892150879
35.31012378692627
35.36153995513916
35.165012435913084
35.96360767364502
35.57247306823731
35.019570693969726
34.87724342346191
35.746570892333985
35.98287261962891
36.19514282226562
35.381281814575196
36.161834182739256
36.015529747009275
35.165062255859375
35.52093948364258
35.69568164825439
35.51088344573974
35.443492851257325
35.39077930450439
35.111380348205564
35.19449043273926
35.83710273742676
34.5440506362915
35.66188781738281
34.66730278015137
35.48093498229981
35.64728698730469
35.587472457885745
35.08870895385742
35.4925199508667
35.67686569213867
34.834449195861815
35.237442092895506
35.385966567993165
35.51201732635498
35.69214107513428
35.28050582885742
35.43924781799316
35.11435707092285
35.04444164276123
35.52332809448242
35.31544078826904
35.370885391235355
35.39734363555908
34.87966522216797
35.78023857116699
34.8657158279419
35.26712142944336
34.979318161010745
35.44235668182373
35.64196353912354
35.803017654418944
36.073347358703614
34.949715805053714
35.6585168838501
35.66461898803711
36.16421123504639
35.15189231872559
35.078371086120605
35.42586700439453
35.62268634796143
35.3877942276001
35.00471626281738
34.745970458984374
35.55268016815185
35.31102695465088
35.49010028839111
35.42531921386719
35.39626121520996
35.590253829956055
35.05477401733398
35.28399085998535
35.756467742919924
34.93475372314453
35.37029769897461
35.2442068862915
35.274305229187014
35.00286373138428
35.22421234130859
35.55994758605957
35.09737079620361
35.79988800048828
35.82340175628662
35.51386653900146
34.69193157196045
35.64358516693115
35.739379959106444
35.229150924682614
35.398584823608395
35.21012134552002
35.24884342193604
35.79699489593506
35.04117881774902
35.54372581481934
35.81644714355469
35.54105667114258
35.49947380065918
35.310463447570804
34.52928638458252
35.60020771026611
35.090090103149414
35.46545581817627
35.31259994506836
35.558175010681154
34.774594917297364
34.70285472869873
35.46226638793945
35.424610443115235
35.34236053466797
35.11944290161133
35.360646896362304
35.45993511199951
34.73637023925781
35.41863258361816
35.707306671142575
34.82180549621582
34.838202476501465
35.50651744842529
34.71649505615235
35.52901584625244
35.33438652038574
35.52370006561279
35.4656468963623
35.93122116088867
35.106210479736326
35.519367637634275
35.58817378997803
35.70678939819336
35.95954780578613
35.39762485504151
34.96511215209961
35.13946578979492
36.095682067871095
35.37300647735596
35.9270927810669
35.24119026184082
34.97901443481445
34.912966880798336
34.48497093200684
34.982845344543456
35.141762275695804
35.018386421203616
35.30816421508789
34.31944480895996
34.62548885345459
35.62434856414795
34.85381641387939
35.855337677001955
35.25311798095703
35.215680046081545
35.373096771240235
34.81430248260498
35.01940074920654
34.95842559814453
35.38821113586426
35.34538925170899
34.783466491699215
35.51176795959473
34.39383083343506
35.749537048339846
35.38370532989502
35.753632621765135
35.43930454254151
35.08124431610108
34.94871501922607
35.183536796569825
35.60282329559326
35.38433292388916
35.12765880584717
35.296007537841795
34.891982574462894
35.4563703918457
35.04431640625
35.266833839416506
34.7597350692749
35.26161167144775
35.44828430175781
35.185855560302734
34.9639323425293
35.70057357788086
35.637178916931155
34.66304790496826
35.59686950683594
36.0238916015625
34.78839294433594
35.71998825073242
35.8676107788086
35.03597221374512
35.25221790313721
35.443762702941896
35.446605110168456
35.234584426879884
34.980083541870115
35.734484825134274
34.79951084136963
35.39593006134033
34.862949180603025
35.11313407897949
34.513733253479
35.74110626220703
34.813505249023436
34.8741588973999
35.61245044708252
34.97610191345215
35.74082744598389
35.24122619628906
35.14308574676514
35.45473419189453
34.95831302642822
34.67264434814453
34.693695068359375
35.315372200012206
35.747753562927244
35.24550113677979
35.20173904418945
34.7161771774292
35.245980682373045
35.18991340637207
35.34658504486084
35.22642269134521
35.58934871673584
35.38705669403076
35.23656562805176
35.59255836486816
36.01910011291504
35.856289596557616
35.541921882629396
34.92507915496826
35.22997875213623
35.21307556152344
35.050541687011716
34.75310123443604
35.710007438659666
34.88054782867432
35.42617095947266
34.81286987304688
34.78452133178711
35.00555488586426
34.57934638977051
34.953996124267576
34.88699737548828
35.16991611480713
39.23987754821778
41.92348571777344
42.2261506652832
43.64872619628906
42.811841583251955
42.22077995300293
42.763065795898434
42.880057144165036
42.76454627990723
42.69859161376953
42.06610778808594
43.246540756225585
42.65124298095703
42.57960090637207
42.302706756591796
42.404522552490235
41.83173263549805
41.89568801879883
42.552736892700196
41.80348533630371
42.01894309997559
41.77897560119629
42.00470504760742
42.00939407348633
42.36205764770508
42.06970283508301
42.174458770751954
41.042814559936524
41.10669937133789
41.61777214050293
41.669854431152345
40.841147079467774
40.63403968811035
40.73753128051758
42.082302474975585
41.31210258483887
41.47273780822754
41.32233367919922
40.83888397216797
41.08739372253418
40.72887298583984
40.98615676879883
41.742539672851564
40.77482795715332
40.71041282653809
40.76613479614258
40.488879699707034
40.26005401611328
41.24799034118652
40.80254806518555
40.53413009643555
40.30485877990723
40.812685546875
40.64666030883789
40.6560977935791
40.44230262756348
40.62352409362793
40.591269912719724
40.37885902404785
40.793701095581056
40.09883155822754
40.9678231048584
40.5100668334961
40.232967376708984
39.98240928649902
40.22507011413574
40.83793769836426
39.807587432861325
39.15143363952637
40.69794906616211
39.65159240722656
40.46843460083008
39.98074111938477
39.7505224609375
40.25469482421875
39.92931838989258
39.72747932434082
39.321622695922855
40.18801239013672
39.23361999511719
39.924422912597656
39.609129409790036
40.2293318939209
40.051508865356446
39.70164566040039
39.26916641235351
39.33518119812012
39.64880310058594
39.42702499389648
39.681082534790036
39.8732014465332
39.200518188476565
38.61046226501465
39.26898956298828
39.72089027404785
39.19705955505371
39.25304412841797
39.209827194213865
39.62832290649414
39.46172523498535
38.920907745361326
39.641083984375
39.175078582763675
39.13792686462402
39.27549308776855
39.5297265625
39.1064892578125
38.834443969726564
39.07020568847656
38.95274520874023
39.89200134277344
38.83986701965332
39.59708778381348
39.024324111938476
39.119883422851565
39.05738555908203
39.09860137939453
39.234178619384764
38.914619293212894
39.130923385620115
38.48214126586914
38.655120391845706
39.29685668945312
39.063863067626954
38.410134887695314
39.07583351135254
39.062543334960935
38.1089217376709
38.55076789855957
38.86524658203125
39.400128784179685
38.949025802612304
38.76389846801758
38.45790756225586
38.99847434997559
40.02439018249512
38.765694580078126
38.387025909423826
38.373158111572266
38.6547435760498
38.71328018188476
38.443091201782224
38.39765846252441
38.53233024597168
38.116531677246094
38.77699768066406
38.67795379638672
38.45739212036133
38.71983512878418
38.636641082763674
39.02343460083008
38.379697189331054
39.00168510437012
38.550866317749026
38.1447932434082
38.82863327026367
38.657990264892575
38.484536209106444
39.04684310913086
38.67001724243164
38.726130676269534
38.707584838867184
38.52480201721191
38.60328598022461
38.36056686401367
38.12893455505371
38.42069648742676
38.48290550231933
38.030438919067386
38.78160095214844
38.14492805480957
38.794267578125
38.29071495056152
38.883954162597654
38.17128875732422
38.27533432006836
38.997381134033205
38.61380409240723
38.75438316345215
38.946762542724606
37.8409635925293
38.63730133056641
39.31248985290527
38.14280448913574
38.32504295349121
38.24390464782715
38.410036163330076
38.40379020690918
38.056552963256834
38.29150131225586
37.78279884338379
39.159938201904296
37.85912841796875
38.281933822631835
38.41482215881348
37.95495063781738
38.03786277770996
38.10462432861328
38.94297134399414
38.29868949890137
38.14010482788086
37.940829315185546
38.75280044555664
38.90215660095215
38.57336372375488
38.20492385864258
38.961128082275394
38.15265441894531
37.735208129882814
38.98345428466797
38.03097297668457
38.62352867126465
37.88393211364746
38.08872024536133
37.72133293151855
38.07908264160156
38.75742797851562
38.17523178100586
38.40044372558594
38.44572978973389
38.15249351501465
38.4962703704834
37.64506141662598
37.878605422973635
37.98270820617676
38.297248458862306
38.130144119262695
38.26973037719726
38.14170890808106
38.10340614318848
38.962748260498046
38.53937232971192
38.27667182922363
38.132537078857425
38.432816619873044
38.69646896362305
37.67646224975586
38.641561584472655
38.566050872802734
38.79851745605469
38.60277931213379
38.66269073486328
37.68151435852051
37.741905975341794
37.91982490539551
38.363837890625
38.656580505371096
37.96289505004883
37.96323905944824
37.50108001708984
38.46309623718262
38.481172714233395
37.78364433288574
38.49312088012695
37.79105880737305
38.35128288269043
38.666466522216794
38.15672882080078
38.26069641113281
37.993808364868165
38.02111610412598
37.46723091125488
38.661195602416996
37.8885880279541
37.997951889038085
37.68633644104004
37.86693550109863
37.938372421264646
37.96979881286621
38.52209495544434
37.668043060302736
38.07484977722168
37.347510452270505
38.78469284057617
38.20300842285156
37.630318832397464
38.637854766845706
37.99289535522461
37.622762527465824
37.46162643432617
38.159672546386716
37.92643997192383
39.205969696044924
38.10708045959473
38.26121192932129
38.61876602172852
37.65492538452148
37.457232360839846
38.33998802185059
37.31752403259277
37.73042579650879
38.23080924987793
38.74475486755371
38.265163841247556
37.95724464416504
37.8894189453125
37.85111183166504
38.47494018554688
38.07484825134277
37.796307678222654
38.77585800170898
37.85566680908203
37.87245330810547
37.479700546264645
37.707590103149414
38.614630432128905
38.45169784545899
37.8049356842041
37.161300048828124
38.7460791015625
37.47469902038574
38.25232986450195
38.11192779541015
37.68531539916992
37.64123931884765
37.91716506958008
37.79458290100098
38.308003997802736
37.80978584289551
38.2525106048584
37.19022193908691
37.49636489868164
38.307971725463865
37.796381912231446
37.85769157409668
37.5203052520752
38.05336120605469
38.01069633483887
37.92261238098145
37.875699844360355
37.75766403198242
38.131260528564454
37.74187782287598
37.29189529418945
37.591579360961916
37.535557899475094
38.345896606445315
37.717561416625976
38.30324256896973
37.51572509765625
37.82865337371826
38.06440216064453
38.40618362426758
37.22053619384766
37.633454132080075
37.871477661132815
37.54422737121582
37.870804901123044
37.36388168334961
37.9271720123291
38.41054420471191
37.40288467407227
38.46498119354248
37.53759605407715
37.88519386291504
37.84929916381836
38.022823333740234
38.03951515197754
38.10813957214356
38.4829524230957
37.72760612487793
37.69537330627441
38.075099029541015
38.144780197143554
37.86565483093262
38.222169723510746
37.977630882263185
37.91812202453613
38.19218223571777
37.858328399658205
37.8520157623291
37.56733901977539
37.485528717041014
37.97719192504883
37.8807373046875
37.97795295715332
37.93699211120605
38.174084701538085
38.016868362426756
37.70764236450195
37.74130783081055
37.70971046447754
38.18712882995605
38.17709175109863
37.62590637207031
37.50286331176758
37.329258880615235
38.2506135559082
37.79560668945312
38.684577560424806
37.6289665222168
37.502657623291014
37.89668785095215
37.97544647216797
37.87679779052734
38.543266220092775
37.28031562805176
38.250828704833985
37.699661331176756
37.73393730163574
37.55285575866699
38.04475845336914
37.27349182128906
37.79678123474121
37.74847465515137
38.25457397460937
36.79831047058106
38.2196492767334
37.41082160949707
37.40404197692871
37.05771171569824
37.85264430999756
37.68162788391113
37.88075675964355
38.35511360168457
36.92641128540039
37.785784530639646
37.80436004638672
37.515233459472654
38.03639526367188
38.17503311157227
37.666055831909176
37.51639877319336
37.769027099609374
37.420295333862306
37.18377220153808
37.53996307373047
37.85392379760742
37.79116371154785
37.53412910461426
38.9051057434082
37.01236839294434
37.458486328125
37.52916137695313
37.79241325378418
38.082443695068356
38.268182601928714
36.85275703430176
37.86823394775391
37.50045921325684
37.468673400878906
37.39556015014649
37.02070945739746
38.01362495422363
37.36383949279785
38.149842224121095
38.182294387817386
37.287825164794924
37.92357658386231
38.21948661804199
37.694273452758786
37.0978271484375
37.69818923950195
37.47786575317383
37.61377265930176
36.839364776611326
37.31736892700195
37.9462264251709
37.67983413696289
38.04815757751465
37.915122451782224
37.64530448913574
38.25100067138672
37.383753623962406
36.95731185913086
37.80197647094727
37.89465866088867
37.29495613098145
37.159067916870114
38.0063671875
37.31195152282715
38.09101005554199
37.33526672363281
38.31705253601074
38.1481640625
37.67531242370605
37.07848648071289
36.944218215942385
37.34219940185547
37.16697090148926
37.91246070861816
37.78071449279785
37.297546005249025
37.895799713134764
37.77975570678711
38.012216796875
37.519060897827146
37.794233856201174
37.410810546875
37.49309009552002
37.89988693237305
38.051149978637696
36.96204574584961
37.65125473022461
37.67478927612305
37.61816749572754
37.87801223754883
37.42661972045899
37.50924140930176
36.90622146606445
37.85348876953125
37.04135726928711
37.3505736541748
37.91721542358398
37.65886070251465
37.08339836120606
37.906561279296874
37.153137588500975
37.63288997650147
37.65849136352539
37.47991020202637
36.99736446380615
36.97321182250977
37.598185272216796
37.79337474822998
37.682981719970705
37.51071266174316
36.98628547668457
37.49878974914551
37.518991775512696
37.75830619812012
37.371660766601565
37.37012741088867
37.27489227294922
37.53188980102539
37.441957244873045
37.97667900085449
37.87465545654297
