3.207198224067688
3.1642255926132203
3.305867757797241
3.266240620613098
3.278753623962402
3.330159316062927
3.2642407512664793
3.1734398889541624
3.211071462631226
3.2101245021820066
3.1323161792755125
3.1520755672454834
3.2013817977905275
3.160076608657837
3.122578988075256
3.121235523223877
3.1500725173950195
3.180462193489075
3.116211857795715
3.1124004220962522
3.0537120294570923
3.063672432899475
3.036939344406128
3.1130774068832396
3.0142676925659178
3.1308345079421995
3.025934615135193
3.0015902757644652
3.0425470495224
3.0239441061019896
3.109023690223694
3.022833728790283
3.032646656036377
3.0330360412597654
2.9629712533950805
3.0055120849609374
3.0229048585891722
3.004095492362976
3.041589603424072
2.983195447921753
3.051145648956299
3.0000592708587646
3.0289097738265993
3.003799204826355
2.962152738571167
3.0903586244583128
3.042873225212097
3.049512310028076
2.992348484992981
3.091093797683716
3.059698657989502
3.046404938697815
3.06427725315094
3.0831874132156374
3.089704546928406
3.0709682416915896
3.066562223434448
3.0664563894271852
3.082021417617798
3.030377526283264
3.0640852451324463
3.1090391874313354
3.131257815361023
3.077273564338684
3.1528366088867186
3.152157645225525
3.0994941902160646
3.1351964187622072
3.1269943141937255
3.129280295372009
3.124901328086853
3.169193596839905
3.0950054836273195
3.10851966381073
3.1316346740722656
3.0843322181701662
3.07702091217041
3.115791358947754
3.1268856811523436
3.1448845195770265
3.153304009437561
3.1464373159408567
3.088632640838623
3.1601252937316895
3.106360363960266
3.140867648124695
3.1405451917648315
3.0754735898971557
3.124932384490967
3.178147916793823
3.093058648109436
3.177363567352295
3.101405816078186
3.1309102725982667
3.1296097087860106
3.098987421989441
3.1463602590560913
3.1306963348388672
3.0771522331237793
3.136814823150635
3.1528239822387696
3.179149899482727
3.1236909675598143
3.191239399909973
3.1471689319610596
3.2100286197662355
3.1530484437942503
3.160566220283508
3.174550271034241
3.221123638153076
3.12087197303772
3.150305790901184
3.167412815093994
3.1763790369033815
3.1635509395599364
3.133105435371399
3.1634327125549317
3.1545994234085084
3.1565159034729002
3.119680223464966
3.1280157804489135
3.160168924331665
3.1260207796096804
3.099661040306091
3.1178673362731932
3.1135220241546633
3.0556866121292114
3.2008723831176757
3.229033727645874
3.2089844846725466
3.1527623319625855
3.135162420272827
3.119264898300171
3.112896513938904
3.1912923860549927
3.1832382392883303
3.170205583572388
3.1646964025497435
3.162524251937866
3.1630860567092896
3.2030299425125124
3.181172924041748
3.2045127153396606
3.1205072164535523
3.121743631362915
3.130225868225098
3.1407458543777467
3.107535719871521
3.1183009815216063
3.1716003704071043
3.1300155687332154
3.190588698387146
3.0709684610366823
3.1412648582458496
3.134998917579651
3.165101613998413
3.1542789936065674
3.0796368312835694
3.11308922290802
3.176114592552185
3.099318542480469
3.1884950685501097
3.089810600280762
3.2166789817810058
3.157466354370117
3.1582590246200564
3.2235122442245485
3.152847647666931
3.1254016590118407
3.2134636878967284
3.15608127117157
3.128367290496826
3.247216601371765
3.138505024909973
3.170370020866394
3.1369670534133913
3.170222992897034
3.161459946632385
3.159086990356445
3.167668800354004
3.236259169578552
3.133118019104004
3.1464242839813235
3.170163674354553
3.1196315908432006
3.099860281944275
3.0951767015457152
3.090248427391052
3.110135350227356
3.039753875732422
3.1460436391830444
3.0658781003952025
3.1460867357254028
3.098599743843079
3.1169650888442995
3.1849940061569213
3.1446871185302734
3.117398028373718
3.1921243047714234
3.2498826456069945
3.207409658432007
3.177303376197815
3.145932855606079
3.2298330307006835
3.104043598175049
3.1658593702316282
3.167800045013428
3.1386667919158935
3.115614080429077
3.0657212924957276
3.1484502220153807
3.087830376625061
3.1250416660308837
3.1668279361724854
3.2067616462707518
3.18413414478302
3.1279806900024414
3.080826201438904
3.1304057359695436
3.0650015687942505
3.11568594455719
3.1174337911605834
3.0936741542816164
3.1890745162963867
3.1047892904281618
3.1500955915451048
3.109433012008667
3.1264319610595703
3.1269005870819093
3.145334606170654
3.2565653419494627
3.130211954116821
3.1623758840560914
3.132583599090576
3.141655378341675
3.0968014860153197
3.227758693695068
3.116085000038147
3.1839366912841798
3.2135119915008543
3.068552680015564
3.107643713951111
3.093956718444824
3.122594656944275
3.1508529472351072
3.1901803159713746
3.1739749002456663
3.082193489074707
3.122126803398132
3.1025575494766233
2.9853890466690065
3.1079484844207763
3.053792634010315
3.1150312709808348
3.1738191843032837
3.178918786048889
3.1470955324172976
3.1234709072113036
3.160535445213318
3.1508299779891966
3.098881149291992
3.1818738174438477
3.1369523906707766
3.0617073154449463
3.1002429580688475
3.115634951591492
3.18789635181427
3.118141360282898
3.102225031852722
3.1414490032196043
3.0976797914505005
3.0521886110305787
3.0970070266723635
3.0753192281723023
3.153831081390381
3.135660796165466
3.2044590187072752
3.124152808189392
3.058968997001648
3.1486336183547974
3.150373077392578
3.1478509759902953
3.1398867893218996
3.161343936920166
3.1632900762557985
3.1280755233764648
3.157984528541565
3.1559237146377566
3.1082362031936643
3.1274231481552124
3.277514009475708
3.1662356805801393
3.091298384666443
3.0098533391952516
3.0871720027923586
3.0801882410049437
3.0853741216659545
3.122525482177734
3.0566630268096926
3.1848619318008424
3.1391643285751343
3.0954441118240354
3.108580927848816
3.051740746498108
3.1241128921508787
3.0986014223098755
3.100674042701721
3.091258125305176
3.0675608348846435
3.027858295440674
3.0631368350982666
3.0392770338058472
3.119958448410034
3.127720284461975
3.1302283954620362
3.145635652542114
3.1348162508010864
3.1026565790176392
3.067829213142395
3.1130012607574464
3.07489866733551
3.0760124349594116
3.048198046684265
3.0926365756988528
3.026653542518616
3.0869374895095825
3.0802393436431883
3.0691221857070925
3.0088859033584594
3.0539239168167116
3.067615518569946
3.071043267250061
3.0354085636138914
3.0381349611282347
3.2082555150985717
3.104223093986511
3.093396420478821
3.094723448753357
3.050282917022705
3.059316143989563
3.0517677879333496
3.0274361038208006
3.0001303148269653
3.08440646648407
3.0302630472183227
3.078009147644043
3.1435730171203615
3.2065775394439697
3.0118816614151003
3.089155559539795
3.0670737171173097
3.095820860862732
3.0768965101242065
3.084797534942627
3.0633629846572874
3.2004382944107057
2.9877805423736574
3.0222093534469603
3.09643533706665
3.104270033836365
3.0293317937850954
3.096785821914673
3.0939353609085085
3.0854965543746946
2.999782943725586
3.032156000137329
3.1284815311431884
3.028836145401001
3.0273220634460447
3.0611464977264404
3.0748232412338257
3.04963725566864
3.0362889337539674
2.9646296882629395
3.0616066598892213
3.0229250717163088
3.0337412691116334
3.057252779006958
3.1207907247543334
3.15241334438324
3.0220770168304445
3.042033233642578
3.0957628011703493
3.074604892730713
3.017745795249939
3.0445349550247194
3.0982891750335693
2.998377833366394
3.081740164756775
3.0220544290542604
3.0282089805603025
2.983707809448242
3.1612186431884766
3.1048876571655275
3.0665236282348634
3.0109039306640626
3.05611180305481
3.017144355773926
3.041706781387329
3.0362179708480834
3.0331653928756714
3.051062812805176
3.0559780597686768
3.022301239967346
3.0111504220962524
3.0206844329833986
3.04221755027771
2.9594248056411745
3.045382194519043
3.0780633306503296
3.019995107650757
2.9766112089157106
2.970030026435852
2.9642109489440918
3.040577793121338
3.0405242156982424
3.0884950828552244
3.020211420059204
3.0880504417419434
3.057603940963745
3.050383062362671
3.0211659240722657
3.001247363090515
3.0166807270050047
3.077496385574341
3.0872639989852906
2.981832208633423
2.968487272262573
3.042286925315857
3.051844892501831
3.0563368940353395
3.04288685798645
2.9445123434066773
3.0895719575881957
3.034693717956543
2.972549500465393
2.989666361808777
3.079839057922363
3.0597584533691404
2.9252416706085205
3.041916708946228
2.9929234075546263
3.0013668966293334
3.071358156204224
3.0725613498687743
2.981426911354065
3.018555850982666
2.969815845489502
2.986091446876526
3.0253865909576416
3.075339241027832
2.961484794616699
2.992739281654358
3.02684805393219
3.0692782592773438
2.9887222766876222
3.0022293949127197
3.005776467323303
2.983600587844849
2.991610894203186
3.0016215324401854
2.993701891899109
2.934674787521362
2.9712298631668093
2.993669195175171
3.074239845275879
3.0356827449798582
2.9908664894104002
2.913753867149353
3.0260927200317385
3.002546272277832
3.0401238441467284
2.987646746635437
2.996063690185547
3.048664402961731
3.0272825527191163
3.062786798477173
2.9827355909347535
2.9671600389480592
2.9995624113082884
3.031861381530762
2.9315369367599486
3.0031450319290163
3.094859628677368
3.0100606203079225
2.958142647743225
2.964420313835144
3.0626806449890136
2.937480635643005
3.039918451309204
3.0074325704574587
2.9678985404968263
3.001755886077881
3.007634677886963
3.045253267288208
3.051154808998108
2.9609502363204956
3.0159650468826293
2.9824229431152345
3.0490886783599853
3.0245322465896605
2.9445240831375123
2.991769938468933
2.964323501586914
2.9761547517776488
2.94377938747406
3.0631437587738035
3.0646426773071287
2.9961207008361814
3.0459749603271487
3.073077850341797
3.0340619707107543
2.9950337743759157
2.997271375656128
2.9939019155502318
3.016246962547302
3.0438520908355713
3.0265402364730836
2.960771470069885
2.9416880083084105
3.0006728172302246
2.9313985109329224
3.040503296852112
3.102532329559326
2.983478002548218
3.053251414299011
2.9886649799346925
3.0170766925811767
2.9970536422729492
3.08660080909729
2.9692087602615356
2.9193530321121215
2.9558241844177244
3.5432512044906614
4.151055727005005
4.472527289390564
4.480898995399475
4.47331729888916
4.413767442703247
4.330587983131409
4.172144842147827
4.175133671760559
4.165479459762573
4.0391272354125975
4.040917139053345
3.9728062772750854
3.935294518470764
3.886041383743286
3.8903540086746218
3.932524394989014
3.777288670539856
3.884093804359436
3.729973840713501
3.8162368535995483
3.7829043436050416
3.821524906158447
3.804532518386841
3.7822127676010133
3.6385245513916016
3.74008855342865
3.7787567615509032
3.7303872871398926
3.655471029281616
3.634754934310913
3.6788658475875855
3.668584637641907
3.6172110986709596
3.6693335819244384
3.6816395044326784
3.6228068256378174
3.589209976196289
3.6129913091659547
3.5479176378250123
3.5705561590194703
3.6297348880767824
3.545192475318909
3.5643041944503784
3.5480614566802977
3.5767548179626463
3.5798407983779907
3.549761528968811
3.559042673110962
3.5173787307739257
3.4809176254272463
3.616176266670227
3.555476121902466
3.5098527097702026
3.5652516078948975
3.635104331970215
3.6254983282089235
3.5551492738723756
3.5514833784103392
3.5117180871963503
3.54271098613739
3.4330964136123656
3.484421315193176
3.4019733238220216
3.4065871381759645
3.4863979625701904
3.491124978065491
3.472793154716492
3.467486271858215
3.475764503479004
3.453232755661011
3.483515224456787
3.4723234224319457
3.4310354137420656
3.4565337228775026
3.4609106254577635
3.5129803800582886
3.50187659740448
3.4371445846557616
3.483703818321228
3.4302623081207275
3.511922950744629
3.410050458908081
3.4581750583648683
3.4700627660751344
3.467744483947754
3.473091473579407
3.5267633628845214
3.486897602081299
3.3967584419250487
3.4449109697341918
3.462939829826355
3.3874811124801636
3.4679149103164675
3.527871360778809
3.4450871753692627
3.4816617155075074
3.454024429321289
3.3623863697052
3.3706720876693725
3.412128667831421
3.3295405626297
3.3512285852432253
3.394117569923401
3.429181442260742
3.427157049179077
3.4645097637176514
3.503568730354309
3.4563648176193236
3.363751382827759
3.3735586166381837
3.3929696178436277
3.4140941286087036
3.4049746322631838
3.4602277851104737
3.345360164642334
3.4164050102233885
3.3828881311416628
3.442870602607727
3.3410412883758545
3.3863110542297363
3.4945489311218263
3.4574964570999147
3.3988372802734377
3.3517286348342896
3.3542473888397217
3.3730393695831298
3.394030590057373
3.350115628242493
3.4230677938461302
3.36690936088562
3.450820035934448
3.400687565803528
3.3478767919540404
3.378672733306885
3.3804643535614014
3.3823450803756714
3.3950938892364504
3.347470369338989
3.311248445510864
3.434423680305481
3.3806413412094116
3.3916921472549437
3.3773401880264284
3.404227681159973
3.3780751466751098
3.3930663013458253
3.481541247367859
3.382969899177551
3.3488030767440797
3.4050915575027467
3.372900767326355
3.383239550590515
3.349694876670837
3.333599123954773
3.3406274127960205
3.345922203063965
3.292685990333557
3.380085964202881
3.449951229095459
3.386628098487854
3.401610908508301
3.3719403171539306
3.402474217414856
3.28378653049469
3.3227889204025267
3.3900341892242434
3.4110388708114625
3.390043706893921
3.4019501924514772
3.335522789955139
3.304962992668152
3.3210761642456053
3.315287919044495
3.302227783203125
3.3554576778411866
3.348080382347107
3.4015508317947387
3.3373009872436525
3.245835304260254
3.315260009765625
3.346450004577637
3.3564210414886473
3.3373428440093993
3.3459825801849363
3.332580318450928
3.31942430973053
3.378793468475342
3.3225958824157713
3.3748138475418092
3.3878244829177855
3.3108428430557253
3.33997682094574
3.3731589317321777
3.375766816139221
3.389725160598755
3.369717435836792
3.298374710083008
3.343580722808838
3.3544559144973753
3.3100998067855834
3.3258940029144286
3.354154987335205
3.277572026252747
3.419198694229126
3.2740959548950195
3.361555471420288
3.348412618637085
3.3711185359954836
3.250353846549988
3.2961027956008913
3.3182557010650635
3.349477105140686
3.361667709350586
3.3361447763442995
3.279120697975159
3.286101961135864
3.3534160041809082
3.3046976041793825
3.2431751489639282
3.3545586395263673
3.2784100866317747
3.2994807243347166
3.378406939506531
3.3316117334365845
3.3099474811553957
3.295647931098938
3.2663483810424805
3.22302960395813
3.317047700881958
3.2870821523666383
3.3801484441757204
3.3808075332641603
3.31280264377594
3.2786213874816896
3.270063614845276
3.295513710975647
3.3377638626098634
3.3466388988494873
3.394580430984497
3.3131561422348024
3.292545976638794
3.355897855758667
3.3134943151474
3.2835295677185057
3.3031788301467895
3.4101651382446287
3.279244499206543
3.260792088508606
3.3111516189575196
3.3231576013565065
3.370853137969971
3.3355423736572267
3.3874809741973877
3.2457354354858396
3.30577467918396
3.335564122200012
3.2206301259994508
3.309299178123474
3.3586747074127197
3.316881766319275
3.353095726966858
3.304891800880432
3.2956900882720945
3.345445795059204
3.3370973920822142
3.333677988052368
3.3258307361602784
3.3470324325561522
3.217414059638977
3.2832353925704956
3.3004645490646363
3.3055995512008667
3.272601356506348
3.2681457805633545
3.311750078201294
3.2531218004226683
3.314703893661499
3.3474927854537966
3.3039919328689575
3.2817435169219973
3.3133115100860597
3.31921817779541
3.3381662940979004
3.303653807640076
3.3343104791641234
3.263745036125183
3.3007399892807006
3.2836318016052246
3.239150562286377
3.2953632974624636
3.2210458612442014
3.252998275756836
3.2217114114761354
3.2605806732177736
3.2508393001556395
3.3037960290908814
3.3063994693756102
3.193245224952698
3.329052062034607
3.2786384534835817
3.3496358013153076
3.3293801450729372
3.3107875537872316
3.2846813774108887
3.2768345785140993
3.2244831895828248
3.206819396018982
3.222893419265747
3.3017943859100343
3.345321660041809
3.2670278692245485
3.2714747190475464
3.315237741470337
3.2715632629394533
3.2540186166763307
3.2669148731231687
3.239138307571411
3.2339213705062866
3.239427056312561
3.3700612592697143
3.356114692687988
3.2869373083114626
3.292683882713318
3.2343527030944825
3.257756857872009
3.2186888599395753
3.3259166145324706
3.270467758178711
3.364244475364685
3.3177449226379396
3.271672053337097
3.2722898817062376
3.3470440244674684
3.3519185161590577
3.275468597412109
3.2406064224243165
3.175285539627075
3.2979094123840333
3.2537133932113647
3.2577858066558836
3.2353526020050047
3.2641119289398195
3.27175434589386
3.2740427350997923
3.3332512855529783
3.3202506589889524
3.2096226835250854
3.239876594543457
3.221129274368286
3.2349170207977296
3.3049102354049684
3.2756954193115235
3.2640465116500854
3.1971175718307494
3.2705023670196534
3.2609709119796753
3.199839792251587
3.2327251720428465
3.2004182958602905
3.2322822523117067
3.1684120321273803
3.262812027931213
3.274842553138733
3.199616107940674
3.209246096611023
3.2648948669433593
3.2599900579452514
3.2329122734069826
3.291913628578186
3.245639567375183
3.299600830078125
3.2735906839370728
3.2436548328399657
3.2357071352005007
3.246645965576172
3.2999826097488403
3.2828478479385375
3.2242291498184206
3.186936168670654
3.28853955745697
3.285052981376648
3.315378785133362
3.2651999521255495
3.2322556304931642
3.3176684904098512
3.2485720777511595
3.222330918312073
3.2372794151306152
3.3211132001876833
3.3071901321411135
3.2518933248519897
3.2428419256210326
3.28554105758667
3.2561404418945314
3.2647608423233034
3.265383315086365
3.2219456148147585
3.3168922424316407
3.274749517440796
3.3099580430984497
3.26370406627655
3.2084578037261964
3.2823367595672606
3.2359001350402834
3.1766987085342406
3.2405138063430785
3.1740322494506836
3.1504949426651
3.232300810813904
3.2365514612197877
3.1867742776870727
3.2119044780731203
3.279908003807068
3.257500343322754
3.2250229597091673
3.1987513208389284
3.274271903038025
3.258781113624573
3.328377199172974
3.245793800354004
3.3216602849960326
3.3326501560211184
3.267914471626282
3.2152550745010378
3.2610445737838747
3.235892963409424
3.24748263835907
3.2625381088256837
3.2529371547698975
3.2278069162368777
3.2021263360977175
3.2056254959106445
3.2869852781295776
3.290760636329651
3.2010265684127805
3.2793506956100464
3.1763058948516845
3.275928611755371
3.2033756017684936
3.201446785926819
3.3150237941741945
3.2716471433639525
3.216105604171753
3.1586332225799563
3.2587809801101684
3.2407110691070558
3.253057670593262
3.2184492540359497
3.24200101852417
3.2494929313659666
3.2656114149093627
3.3235726070404055
3.2385667181015014
3.2333246421813966
3.2073515462875366
3.164771900177002
3.326118130683899
3.242754383087158
3.2913747310638426
3.2182200860977175
3.226502275466919
3.239444251060486
3.228672022819519
3.272415165901184
3.261599144935608
3.208762888908386
3.192807059288025
3.1553325510025023
3.2107295179367066
3.2788870573043822
3.3213444709777833
3.2182628393173216
3.1908646202087403
3.234718050956726
3.209325613975525
3.1985138702392577
3.220255398750305
3.256706757545471
3.155247673988342
3.2203413581848146
3.286452178955078
3.252388825416565
3.2318928146362307
3.1778848695755006
3.218324074745178
3.2076475620269775
3.2341549444198607
3.2577218341827394
3.245783247947693
3.177091135978699
3.195193524360657
3.208554105758667
3.1880686283111572
3.224293360710144
3.225602903366089
3.195468430519104
3.219982109069824
3.2698635959625246
3.1971513509750364
3.181950306892395
3.1875124406814574
3.19705846786499
3.224488878250122
3.247174916267395
3.2881314611434935
3.1976247119903562
3.1779700708389282
3.2227590227127076
3.2941545104980468
3.2493957710266113
3.2449118804931643
3.2140422201156618
3.1611100006103516
3.186171555519104
3.1961565828323364
3.2425925874710084
3.250610203742981
3.162527117729187
3.2173026275634764
3.2032453632354736
3.243293328285217
3.195965275764465
3.2451624631881715
3.185958228111267
3.231841034889221
3.2392248344421386
3.224453535079956
