0.7692051100730896
0.7510627233982086
0.7487176406383514
0.7653197300434113
0.7497318184375763
0.7436525511741638
0.7544738316535949
0.7633530759811401
0.7542552411556244
0.7636455750465393
0.7580180287361145
0.7563329553604126
0.7568660008907319
0.7562105667591095
0.7555924093723297
0.7525835812091828
0.752148619890213
0.7490339720249176
0.7584165871143341
0.7576129353046417
0.7531837368011475
0.7522739672660828
0.759629272222519
0.7584657859802246
0.7593458831310272
0.7496317160129548
0.7587480306625366
0.7573900473117828
0.7666518068313599
0.7487351167201995
0.7565308594703675
0.7577611017227173
0.7534319090843201
0.7580720889568329
0.7522688174247741
0.7535385358333587
0.7513508570194244
0.7598532390594482
0.75839320063591
0.7560944843292237
0.7598408675193786
0.7465880119800568
0.7562361741065979
0.7530748558044433
0.7521691787242889
0.7587120938301086
0.766040472984314
0.759327644109726
0.7481252431869507
0.7519380056858063
0.7581532025337219
0.7619523513317108
0.773843115568161
0.751303563117981
0.7580686557292938
0.7438609290122986
0.7533080852031708
0.7634296333789825
0.7511136519908905
0.7531493067741394
0.7628474080562592
0.7517416548728942
0.7623977923393249
0.7530934143066407
0.7583903121948242
0.757415474653244
0.7553450512886047
0.7505198860168457
0.7606043112277985
0.7584472787380219
0.7604491937160492
0.7535830926895142
0.7664008176326752
0.7578996443748474
0.7460240626335144
0.7527175855636596
0.7556715261936188
0.7531840062141418
0.7512321126461029
0.7592414784431457
0.7514106452465057
0.7581988394260406
0.7549870157241821
0.7567200803756714
0.7519038116931915
0.7521055340766907
0.7624996769428253
0.7585110485553741
0.7381019806861877
0.7677153694629669
0.7480409753322601
0.7592898619174957
0.7521792685985565
0.7634072232246399
0.7495278120040894
0.755102379322052
0.7548783624172211
0.7554824924468995
0.744567745923996
0.7618275046348572
0.7468921327590943
0.7589965546131134
0.7580276310443879
0.7560059547424316
0.754847196340561
0.7551876950263977
0.7596050691604614
0.7554174649715424
0.7494188940525055
0.7548304951190948
0.7529456162452698
0.7657757985591889
0.761992118358612
0.7517924654483795
0.7520806074142456
0.7457252788543701
0.7535438811779023
0.7603620672225953
0.7594272756576538
0.748173440694809
0.7525875568389893
0.7609887623786926
0.7508289682865142
0.740424485206604
0.7489627635478974
0.7482195556163788
0.7463342416286468
0.7532605838775634
0.7426156008243561
0.7571798253059387
0.7508834326267242
0.7535244858264923
0.7461480867862701
0.7575829529762268
0.7564367437362671
0.7601515567302704
0.7522280490398408
0.7483667647838592
0.7471861970424652
0.7458625650405883
0.755575065612793
0.744319862127304
0.755257568359375
0.7485098135471344
0.7493489027023316
0.7440715289115906
0.7341952705383301
0.7440007519721985
0.7392820727825165
0.7499093294143677
0.7515044558048248
0.7548574602603912
0.7471780180931091
0.7510903179645538
0.7546003997325897
0.7460952007770538
0.7452182769775391
0.7475463032722474
0.7441465878486633
0.7513662838935852
0.7480125439167022
0.7607438135147094
0.7342510724067688
0.7541498076915741
0.748755760192871
0.753866149187088
0.7602725493907928
0.7361196839809417
0.7502107751369477
0.7419432365894317
0.7453389394283295
0.7413139772415162
0.7479336500167847
0.7378990876674653
0.7569293510913849
0.7445112752914429
0.7437027418613433
0.7401113021373749
0.7614042460918427
0.7333887958526611
0.7515811109542847
0.7552770781517029
0.743246682882309
0.7416297721862793
0.7390812993049621
0.7549635243415832
0.7428287935256958
0.7515524697303771
0.7567577064037323
0.7508079862594604
0.7607285213470459
0.7473338449001312
0.7602566576004028
0.7457157182693481
0.7507244324684144
0.7485660982131958
0.7451420080661774
0.7415730679035186
0.7481418025493621
0.7396262753009796
0.7518957483768464
0.7536814892292023
0.7502881276607514
0.7439779222011567
0.7466443514823914
0.7466321051120758
0.7466465413570404
0.7508698678016663
0.7538933277130127
0.7389977586269378
0.75126011967659
0.7529174089431763
0.7517922294139862
0.7524464547634124
0.7476316022872925
0.759030487537384
0.7414966535568237
0.7513021922111511
0.7545688736438751
0.7355514645576477
0.7525416624546051
0.7437054717540741
0.7461894583702088
0.7477323496341706
0.7505515611171723
0.7533168578147889
0.7426163613796234
0.7398543989658356
0.7375125157833099
0.7476111435890198
0.7460736107826232
0.744524199962616
0.735665146112442
0.7548749005794525
0.7447138404846192
0.741738885641098
0.7321645963191986
0.742398077249527
0.7467670059204101
0.7433037865161896
0.7548455119132995
0.7323810017108917
0.7446164333820343
0.7357439351081848
0.7422955167293549
0.7377442765235901
0.745039484500885
0.7430142390727997
0.7333372116088868
0.7457895314693451
0.7360221147537231
0.7527930319309235
0.7500962483882904
0.7441898906230926
0.7527862024307251
0.7430386281013489
0.7547307562828064
0.7410826265811921
0.7408676981925965
0.7498654246330261
0.741439641714096
0.7363787627220154
0.7302348363399506
0.742638201713562
0.7602951014041901
0.7407554531097412
0.746551423072815
0.7343507754802704
0.7415789151191712
0.7365173816680908
0.7453447115421296
0.7375193393230438
0.7478595435619354
0.7541559052467346
0.7466697764396667
0.7456011211872101
0.7356713819503784
0.7330054688453674
0.7428217852115631
0.7378847706317901
0.7379231083393097
0.7450294005870819
0.7460932660102845
0.7377070820331574
0.7390411269664764
0.7414509773254394
0.7397657465934754
0.7433467650413513
0.7490934562683106
0.7461828708648681
0.740633453130722
0.7502688944339753
0.7493677651882171
0.7507563769817353
0.7367555451393127
0.7446356868743896
0.7438658130168915
0.7639350366592407
0.7441044294834137
0.7397707223892211
0.7333654737472535
0.7526927053928375
0.7522122418880463
0.7507444965839386
0.7457378304004669
0.7475018405914307
0.7388581109046936
0.7400833284854889
0.7416010582447052
0.731637704372406
0.7516155803203582
0.7472180914878845
0.7394288158416749
0.7514919245243072
0.745588059425354
0.7440251636505127
0.7337415039539337
0.7509388554096222
0.7427719557285308
0.739430902004242
0.7340682053565979
0.7376658868789673
0.7447589945793152
0.7416308510303498
0.7468919491767884
0.7408858501911163
0.7469235134124755
0.7432532000541687
0.7321597707271575
0.7405376434326172
0.7323298799991608
0.7424497127532959
0.7484293961524964
0.7520723235607147
0.741288388967514
0.7430868363380432
0.7377438294887543
0.7428866600990296
0.7533886325359345
0.7341105067729949
0.7432785582542419
0.735091564655304
0.7439151740074158
0.7489533770084381
0.7474619102478027
0.7452996885776519
0.7526368868350982
0.7474235081672669
0.7445441234111786
0.7400535643100739
0.7409561586380005
0.7438592529296875
0.7493391060829162
0.7417358720302581
0.7352951717376709
0.7497150671482086
0.7485582876205444
0.7364016926288605
0.7511052501201629
0.7472864997386932
0.7462564980983735
0.7380181002616882
0.7426406121253968
0.740960910320282
0.7453012740612031
0.7434852695465088
0.7398286306858063
0.7528890860080719
0.7419879388809204
0.7435774540901184
0.7446201646327972
0.7397044742107391
0.7435013103485107
0.7489608538150787
0.7365952014923096
0.7492096161842347
0.7532457530498504
0.7396772146224976
0.7479391050338745
0.7412939286231994
0.7419349133968354
0.7630078732967377
0.740216748714447
0.7442384970188141
0.7332347965240479
0.740246193408966
0.7315897786617279
0.7382978034019471
0.7386374235153198
0.7469646406173706
0.7307357668876648
0.7442277455329895
0.7350434339046479
0.7427833843231201
0.742639297246933
0.7261379551887512
0.7281932711601258
0.7460857152938842
0.7500973904132843
0.7484127807617188
0.7251935696601868
0.7482931888103486
0.7379642808437348
0.7641128051280975
0.734437426328659
0.7564281916618347
0.7454179465770722
0.7414064574241638
0.7419487071037293
0.7525460875034332
0.7352366864681243
0.7496616864204406
0.7428069400787354
0.7442042243480682
0.7415685129165649
0.7405626654624939
0.7429847741127014
0.7499821853637695
0.7382404434680939
0.752329969406128
0.7438812935352326
0.7403232562541961
0.7336122214794158
0.7378669190406799
0.7467157328128815
0.7403496623039245
0.7414844334125519
0.7423912680149078
0.7485004115104675
0.7444543278217316
0.7565260362625122
0.7376079452037811
0.745491828918457
0.7414582014083863
0.7343802261352539
0.7375725305080414
0.7439724862575531
0.7401237297058105
0.7494022405147552
0.7433249533176423
0.741844265460968
0.7409500765800476
0.7458485114574432
0.7269066905975342
0.7436824917793274
0.7421536135673523
0.7516762316226959
0.7412594127655029
0.7409616816043854
0.7430400502681732
0.7471747124195098
0.7421538364887238
0.731930000782013
0.7463265025615692
0.7375254786014557
0.7349226272106171
0.7308062076568603
0.7383394122123719
0.7503599500656128
0.7466136872768402
0.7454480350017547
0.7408315515518189
0.7438285529613495
0.7440826559066772
0.7548567366600036
0.7399362826347351
0.7401953136920929
0.7389053916931152
0.7415348637104034
0.739897311925888
0.7450685691833496
0.7453273737430572
0.7456451916694641
0.7415748858451843
0.7448330795764924
0.7335529363155365
0.7394639039039612
0.7380402064323426
0.7405742299556732
0.7414419972896575
0.7373271608352661
0.7381331026554108
0.7321283268928528
0.7441487693786621
0.7354073870182037
0.7423755669593811
0.7409038126468659
0.7320865845680237
0.7394025313854218
0.7327666676044464
0.743305082321167
0.7419372749328613
0.7373156476020813
0.7298534286022186
0.7332609260082245
0.740894821882248
0.7276817262172699
0.7379510748386383
0.7428841936588287
0.7419250345230103
0.7345213079452515
0.7534082007408142
0.752536746263504
0.7302621126174926
0.7467040967941284
0.7330394315719605
0.735778386592865
0.7498236656188965
0.7479666197299957
0.7292749190330505
0.7486022007465363
0.7313430094718933
0.7359122943878174
0.7447388541698455
0.7287998747825623
0.7395028960704804
0.7426240086555481
0.7396569573879241
0.7344247126579284
0.7504673933982849
0.7437761771678925
0.7349461460113526
0.7386239624023437
0.7427796590328216
0.7457504808902741
0.743054348230362
0.734213092327118
0.731708608865738
0.750297201871872
0.7411344981193543
0.7430747318267822
0.7388954472541809
0.7415420067310333
0.7335325932502746
0.7366121113300323
0.7440213239192963
0.743220921754837
0.7359819614887237
0.7436276125907898
0.7466122555732727
0.7349364089965821
0.7308354663848877
0.7405739247798919
0.7230564546585083
0.7386945462226868
0.72970627784729
0.7328400325775146
0.7311338484287262
0.7309432566165924
0.7349104022979737
0.7422088885307312
0.7337741339206696
0.7498084092140198
0.74249955534935
0.7372558987140656
0.7288623857498169
0.7496786236763
0.7415060532093048
0.7247965860366822
0.7437907433509827
0.732782951593399
0.7431357443332672
0.7348589706420898
0.7419962000846863
0.733359454870224
0.7272293138504028
0.7433212459087372
0.7322660851478576
0.7280540180206299
0.7353059184551239
0.7344921958446503
0.7430874466896057
0.7395922338962555
0.7427403140068054
0.733463681936264
0.7422451627254486
0.7456126117706299
0.7371529555320739
0.7375607097148895
0.7305690181255341
0.7334530210494995
0.7414536035060882
0.7526763033866882
0.7415633642673493
0.7408635699748993
0.7451051855087281
0.7406370759010314
0.7424460875988007
0.7397623240947724
0.7422673046588898
0.7406004679203033
0.7336817908287049
0.7381487894058227
0.743418095111847
0.748797343969345
0.7227759885787964
0.7454890310764313
0.7360686039924622
0.7352492892742157
0.7339359545707702
0.7433706736564636
0.7459807300567627
0.7456916749477387
0.7412490284442902
0.7370755207538605
0.7375491321086883
0.7431336307525634
0.7401137030124665
0.7480798947811127
0.7374376904964447
0.731219756603241
0.7388320016860962
0.7378857278823853
0.7346048748493195
0.7378175771236419
0.7342873573303222
0.7370871484279633
0.7382638442516327
0.7314059007167816
0.7408645391464234
0.7368615698814392
0.7275207507610321
0.7304558873176574
0.7371204757690429
0.7434237658977508
0.7431367778778076
0.7422058236598968
0.7305601012706756
0.7315716993808746
0.7492248976230621
0.7297608137130738
0.7302587139606476
0.7409885120391846
0.7349746680259704
0.7387664687633514
0.7346688318252563
0.7321338093280793
0.7383016920089722
0.724848245382309
0.7292613899707794
0.7386394011974334
0.7364072346687317
0.7256186163425445
0.7482507228851318
0.729753565788269
0.7414917612075805
0.7324965238571167
0.7183506739139557
0.7411592328548431
0.737799562215805
0.7276745045185089
0.7311479151248932
0.7365117728710174
0.7415517604351044
0.7341475307941436
0.7511946213245392
0.7425961089134216
0.7347419762611389
0.7421230685710907
0.744401673078537
0.7257153880596161
0.7384410333633423
0.7315036487579346
0.7390495169162751
0.7348519790172577
0.7265918755531311
0.753008017539978
0.7415987169742584
0.7393650043010712
0.7345347678661347
0.7256831657886506
0.7294472634792328
0.7409481656551361
0.739285579919815
0.7562154257297515
0.724061131477356
0.7365725326538086
0.7357652413845063
0.7404088044166565
0.7555731689929962
0.7351403045654297
0.7554484510421753
0.742565633058548
0.735226857662201
0.7300163269042969
0.7331701850891114
0.7268017816543579
0.7451415467262268
0.737488079071045
0.7336994218826294
0.7311181533336639
0.7343221771717071
0.7306540286540986
0.7364023768901825
0.7298493146896362
0.7326351690292359
0.7342544984817505
0.732156229019165
0.7428082919120789
0.7380526793003083
0.7357169806957244
0.7383746969699859
0.7316541194915771
0.7380618000030518
0.7366195738315582
0.7295223581790924
0.7324687170982361
0.7338686227798462
0.7378393626213073
0.7385494101047516
0.7398819053173065
0.7360793137550354
0.7458656525611878
0.7183989799022674
0.7309336340427399
0.7418809628486633
0.7332912826538086
0.7276920998096466
0.7294024789333343
0.7325201690196991
0.7235553395748139
0.7359273314476014
0.7307964813709259
0.7309358668327331
0.7335242080688477
0.7362925565242767
0.7277749013900757
0.7293730044364929
0.7437920224666595
0.7360089540481567
0.7252093756198883
0.7269039452075958
0.7384649038314819
0.7334303104877472
0.7406537544727325
0.7376225340366364
0.7466611349582672
0.7315595924854279
0.7441296553611756
0.7329648268222809
0.736984543800354
0.7331395959854126
0.7373619532585144
0.7464586699008942
0.7295456421375275
0.7493082451820373
0.7333544433116913
0.7351137316226959
0.7382336664199829
0.7304558098316193
0.7546563279628754
0.7309260070323944
0.7303967893123626
0.73639120221138
0.7280156493186951
0.730522768497467
0.7380315828323364
0.7380914235115051
0.7320171988010407
0.7226287972927093
0.7404932868480683
0.7356826496124268
0.7377972900867462
0.7312715280056
0.7438252556324005
0.7294991672039032
0.7385191285610199
0.7421848618984223
0.7386802542209625
0.7320275807380676
0.7320267081260681
0.7454113340377808
0.7439871025085449
0.7432816565036774
0.7464664876461029
0.7259176802635193
0.7361877357959747
0.7328876531124116
0.7427253901958466
0.7318553388118744
0.7435830760002137
0.7379331851005554
0.7369908702373504
0.735941960811615
0.7428446447849274
0.7331057393550873
0.7324438261985778
0.7336626803874969
0.7438228785991668
0.7310043835639953
0.7306475925445557
0.7291432845592499
0.7327402722835541
0.7330260157585144
0.7393967878818511
0.7395783066749573
0.7244605088233947
0.7298701655864716
0.7338638949394226
0.7288916051387787
0.733028130531311
0.7306446766853333
0.742941998243332
0.7254251575469971
0.7325643360614776
0.7317393362522125
0.7267474615573883
0.7502320730686187
0.7298660087585449
0.7265591824054718
0.7382956194877625
0.7453507125377655
0.7396282267570495
0.722696613073349
0.7348773980140686
0.7350389647483826
0.8768225419521332
0.7408512365818024
0.7304453206062317
0.7267476797103882
0.7428218114376068
0.7397949552536011
0.7355271828174591
0.739703586101532
0.7299070167541504
0.7423384380340576
0.7496166896820068
0.7492339515686035
0.748875904083252
0.743104819059372
0.7451213729381562
0.7371648597717285
0.7355260801315308
0.7411097586154938
0.7433755373954773
0.7413677155971528
0.7418080854415894
0.7409825599193574
0.7442732226848602
0.7396316957473755
0.7526053082942963
0.7340998327732087
0.7395334434509278
0.7504540753364562
0.7423699653148651
0.7470338308811187
0.7387634456157685
0.7381821846961976
0.7403388392925262
0.724967896938324
0.7409979701042175
0.7429757106304169
0.7374107098579407
0.7489129412174225
0.740977281332016
0.7365107345581055
0.73683349609375
0.7406978535652161
0.7417496335506439
0.7353991568088531
0.7485014927387238
0.7426473879814148
0.7445560240745545
0.74731076836586
0.7374839520454407
0.7306579911708831
0.7420549237728119
0.7382818245887757
0.7349411201477051
0.7390980195999145
0.7491163003444672
0.7514499497413635
0.736589961051941
0.7405956161022186
0.7413751459121705
0.7379227983951568
0.744590550661087
0.7405730521678925
0.7349764657020569
0.7349056613445282
0.7415443909168243
0.7386072266101837
0.7382810974121093
0.7416816818714141
0.741256844997406
0.7359259068965912
0.7477671468257904
0.7387788331508637
0.7388705003261566
0.7316326904296875
0.734236935377121
0.7450964999198914
0.7425879538059235
0.7414598405361176
0.7432612073421478
0.7395057821273804
0.7406988203525543
0.7354673433303833
0.7406321716308594
0.7387121272087097
0.729685617685318
0.7519982159137726
0.7388208937644959
0.7336746442317963
0.741020324230194
0.7330751967430115
0.7394550704956054
0.7358746719360352
0.7429030621051789
0.7545680236816407
0.7320308494567871
0.7488248527050019
0.7297907280921936
0.728135141134262
0.7376830315589905
0.7438424253463745
0.7287523829936982
0.7400384831428528
0.7367277932167053
0.750931842327118
0.7394942903518676
0.7340400159358978
0.7345466065406799
0.7338001108169556
0.739208744764328
0.7432493257522583
0.734714447259903
0.7458577454090118
0.7440077435970306
0.7418664538860321
0.7280867946147919
0.7326917386054993
0.7362209486961365
0.7436884737014771
0.743359854221344
0.740781946182251
0.7388755416870117
0.7389828038215637
0.7375937294960022
0.7485669898986816
0.7322108936309815
0.7498750650882721
0.7436456656455994
0.7447137629985809
0.7416759645938873
0.7214568495750427
0.7338550186157227
0.7431103372573853
0.7428710043430329
0.7332277810573578
0.7411633992195129
0.7496157085895538
0.7302290117740631
0.7383978033065796
0.7299755108356476
0.7501734435558319
0.7403401362895966
0.7473041832447052
0.7297988867759705
0.7348050773143768
0.7421194553375244
0.7342656016349792
0.7351580429077148
0.7275415754318237
0.7459009635448456
0.7449746978282928
0.7353981447219848
0.7388850927352906
0.7471642184257508
0.7381239879131317
0.7434400713443756
0.7363934636116027
0.7432281994819641
0.734398752450943
0.7342361414432526
0.7336965036392212
0.7446081364154815
0.7302310419082642
0.7356626152992248
0.7421927344799042
0.7347772479057312
0.7331335079669953
0.740623973608017
0.7428494381904602
0.7387033128738403
0.73410120844841
0.7429906177520752
0.7519416809082031
0.7272626495361328
0.7375623178482056
0.7357009160518646
0.747158305644989
0.7459241533279419
