2.056476265192032
2.321983964443207
2.154695162773132
2.210626380443573
2.3328417384624482
2.1785773742198944
2.2614163398742675
2.093437345027924
2.178444582223892
1.9420757389068604
2.102272092103958
2.08734721660614
2.1757845652103422
2.036987773180008
2.0917531502246858
2.202504770755768
2.3242459082603455
2.3388872218132017
2.056186122894287
2.3321219968795774
2.1556685161590576
1.9944869315624236
2.0768583154678346
2.178072416782379
2.0586293256282806
2.2074860274791717
2.225580096244812
2.12288179397583
1.9449053835868835
2.267440034151077
2.2296096682548523
2.0832616221904754
2.226189535856247
2.1044503831863404
2.1150702810287476
1.983739913702011
2.0723223555088044
1.990372177362442
2.090925981998444
2.0726882350444793
2.0575279533863067
2.054696249961853
2.0822615885734557
2.002702239751816
2.193948895931244
2.0772053241729735
1.9390308046340943
2.2565210270881653
2.047557510137558
2.084217426776886
2.3541693782806394
1.9687484908103943
1.9638422155380248
2.349976279735565
1.8889738321304321
2.112670315504074
2.0713549172878265
1.9751169192790985
2.134791171550751
2.0542510211467744
1.999485226869583
2.0339560210704803
1.982336368560791
2.0384768319129942
2.117435872554779
1.9433824694156647
1.8954037594795228
2.0288366198539736
1.9878778195381164
1.938756550550461
2.066122193336487
2.0000734293460845
2.0127976500988005
1.8516069805622102
2.220156877040863
2.0642849361896514
1.91361168384552
2.073356182575226
2.130306466817856
2.089440975189209
2.0201493811607363
2.097452656030655
2.0229642474651337
1.9795993292331695
1.8954377031326295
1.9877713477611543
1.9269375801086426
2.0635950899124147
2.1834301257133486
1.8954975724220275
2.017815945148468
1.8772282564640046
1.892631833553314
1.8503765451908112
1.979444603919983
1.8761823296546936
1.8627472066879271
1.955029593706131
2.045983700752258
1.8452413141727448
2.164746187925339
1.910986760854721
1.9488934516906737
2.003748129606247
1.8551039469242097
1.9910134494304657
1.8523449194431305
1.888167542219162
1.86990624666214
1.847669813632965
2.0158593392372133
1.798662919998169
1.8962159252166748
1.7080286133289337
1.90885129570961
1.9087501382827758
1.8630520033836364
1.7791255569458009
1.9376245641708374
1.9503344011306762
1.9102408409118652
1.783500967025757
1.8896120953559876
1.9367807710170746
1.8786812555789947
1.9626101016998292
1.9152228724956513
1.867076337337494
1.9185168588161468
1.7650683152675628
1.8600388634204865
1.8532923460006714
1.8555102860927581
1.6826355117559433
1.894576610326767
1.7138564014434814
1.872130912542343
1.7928577756881714
1.7894301724433899
1.8466991567611695
1.7737772595882415
1.7827449560165405
1.736546814441681
1.715123817920685
1.8497651147842407
1.9215713930130005
1.7616148912906646
1.8682465195655822
1.7247004008293152
1.7785914540290833
1.8197750115394593
1.5715185737609862
1.9317424154281617
1.6948843336105346
1.6672070741653442
1.704058552980423
1.9491226506233215
1.5896480369567871
1.6177581763267517
1.683195915222168
1.8315540945529938
1.7359538793563842
1.8245185446739196
1.644747109413147
1.8985864460468291
1.7357138836383819
1.614398342370987
1.705844180583954
1.6960773158073426
1.756598688364029
1.6275818347930908
1.696603275537491
1.7912247741222382
1.737183187007904
1.5371952283382415
1.7656204783916474
1.5831975364685058
1.6962927305698394
1.7602076411247254
1.8547335970401764
1.7408202004432678
1.6550003945827485
1.677053962945938
1.6255770635604858
1.61951052069664
1.6900197434425355
1.7968164122104644
1.6153381586074829
1.753703099489212
1.8749325001239776
1.6431452870368957
1.7538951706886292
1.585726385116577
1.7387347328662872
1.814508811235428
1.7102723300457001
1.6666277134418488
1.8418803334236145
1.7842948007583619
1.701347200870514
1.519124310016632
1.6189936101436615
1.6692735075950622
1.6345514500141143
1.779866211414337
1.7055577301979066
1.5282976043224334
1.5217854928970338
1.7210279536247253
1.5688578081130982
1.6258798551559448
1.5865475225448609
1.68559983253479
1.6421812880039215
1.7109354650974273
1.586016254425049
1.7465121126174927
1.4662687146663667
1.5673227286338807
1.7305446374416351
1.568908884525299
1.5110066854953765
1.4968571972846985
1.6500431537628173
1.5601956355571747
1.5545905685424806
1.6195407581329346
1.6081554293632507
1.6428297090530395
1.5788335955142976
1.4952773106098176
1.6351638197898866
1.598312668800354
1.5289819037914276
1.6466951668262482
1.675126541852951
1.56214742064476
1.5813893377780914
1.5856368887424468
1.5637037217617036
1.5021609580516815
1.5641454529762269
1.6495873701572419
1.7341394245624542
1.643662207722664
1.5526873469352722
1.6558554899692535
1.456201149225235
1.5769523501396179
1.6090628492832184
1.8038589203357696
1.5378929752111434
1.5610618114471435
1.5582865977287292
1.6572910511493684
1.501393998861313
1.5235486400127412
1.6325220704078673
1.6886029040813446
1.5400525426864624
1.605998499393463
1.642592967748642
1.5305105352401733
1.4497634750604629
1.4778270208835602
1.548232513666153
1.5161588048934938
1.6343999779224396
1.6421534419059753
1.632076976299286
1.591090738773346
1.5882151019573212
1.5784764444828034
1.3202794635295867
1.4665149128437043
1.7036778926849365
1.5950819301605224
1.5223892831802368
1.6148168462514878
1.650995707511902
1.4540003395080567
1.3879514598846436
1.600457866191864
1.6427306032180786
1.615177788734436
1.5247276616096497
1.4942079842090608
1.618298772573471
1.4618545591831207
1.542752296924591
1.6384915506839752
1.5716817009449005
1.4528040707111358
1.4949630272388459
1.4934282577037812
1.450455392599106
1.5520594727993011
1.4916186320781708
1.5177384996414185
1.5543078482151031
1.4520761966705322
1.435418940782547
1.3357802194356918
1.4728401911258697
1.4992206048965455
1.5762041175365449
1.4518089091777802
1.5438473010063172
1.4977523910999297
1.5361759400367736
1.4587870633602142
1.5333397579193115
1.4529018986225128
1.3646007919311522
1.4947099006175995
1.3997018533945083
1.564272271990776
1.510402289032936
1.5973458182811737
1.505247415304184
1.3908584320545196
1.5899827980995178
1.493359922170639
1.4344032311439514
1.487005330324173
1.336789335012436
1.4367585897445678
1.4589742720127106
1.5815424931049347
1.5259190452098848
1.5186664843559265
1.4086542963981628
1.4537432038784026
1.3815696388483047
1.4390539050102233
1.455803781747818
1.4114977395534516
1.503414841890335
1.523306382894516
1.4515719568729402
1.4403702068328856
1.4455611526966095
1.5108014011383057
1.4129044353961944
1.5246059262752534
1.460215539932251
1.4279257345199585
1.3670479476451873
1.4267514532804488
1.4526964569091796
1.532798602581024
1.3333491253852845
1.3876888763904571
1.509112664461136
1.4030561363697052
1.4189185357093812
1.3947673201560975
1.4405509614944458
1.296232813000679
1.2757924926280975
1.479884535074234
1.3830467033386231
1.4401517283916474
1.5014038836956025
1.4181763482093812
1.4552420830726625
1.421267830133438
1.3421368980407715
1.3679187130928039
1.4382403892278672
1.4819267666339875
1.3629371601343154
1.5252893269062042
1.3064157450199128
1.4487635684013367
1.265061017870903
1.329088134765625
1.4149386537075044
1.3230695515871047
1.3219559931755065
1.4174927818775176
1.1748247665166855
1.3778186094760896
1.3490208446979524
1.3938843047618865
1.352513108253479
1.2619140672683715
1.4250390481948854
1.4715814805030822
1.3609199821949005
1.5103592157363892
1.388704160451889
1.4057198858261108
1.4013070333003999
1.4500723546743393
1.3477677965164185
1.4716341203451158
1.354610025882721
1.2990523231029512
1.3540431654453278
1.4287988495826722
1.3506624674797059
1.3769217932224274
1.242061059474945
1.3626913166046142
1.3242779088020324
1.3105921363830566
1.3184411442279815
1.360761913061142
1.2983871603012085
1.3589572846889495
1.3711225414276123
1.3408175438642502
1.5022150027751922
1.3756837391853332
1.4587527054548264
1.3262246870994567
1.2680324470996858
1.3472369718551636
1.1990482771396638
1.379366513490677
1.4447668039798736
1.5530254518985749
1.3658157002925873
1.3262858694791795
1.2379343008995056
1.38143714427948
1.3626799440383912
1.3118927156925202
1.3924802595376968
1.3967639684677124
1.3760817682743072
1.2787369108200073
1.4056555867195129
1.4156775283813476
1.4626277935504914
1.3272139739990234
1.4298046016693116
1.2964350116252898
1.3864942491054535
1.2700902116298676
1.4030543690919877
1.2168342155218124
1.3636005353927612
1.3399388813972473
1.3420345890522003
1.3600285744667053
1.3003699338436128
1.280931338071823
1.3859245145320893
1.3277973628044129
1.4403956401348115
1.5205262291431427
1.28072882771492
1.2598364007472993
1.381739492416382
1.4000272637605666
1.3401581448316575
1.3271422493457794
1.2638915014266967
1.243853810429573
1.4400253993272782
1.3699664103984832
1.3376160043478011
1.3349647891521454
1.3434066367149353
1.3131024050712585
1.4551008975505828
1.3257351130247117
1.352439342737198
1.3083654677867889
1.2852365958690644
1.2303781139850616
1.39239373087883
1.3724539721012115
1.4300237369537354
1.4214476644992828
1.34194911301136
1.3009097921848296
1.428267892599106
1.3446861231327056
1.322526524066925
1.4623355144262313
1.293946501016617
1.3666905117034913
1.356402691602707
1.271177339553833
1.350861475467682
1.5287593322992326
1.440954773426056
1.3748699295520783
1.329886577129364
1.3285590934753417
1.235677443742752
1.326398253440857
1.2974641811847687
1.221908565759659
1.3845702195167542
1.3723447012901306
1.4033802157640458
1.3741236972808837
1.3464241170883178
1.2826446664333344
1.3196606945991516
1.3342985755205155
1.229299623966217
1.3140654850006104
1.256896244287491
1.268203738927841
1.2935517036914825
1.3494475746154786
1.321415195465088
1.4071045529842376
1.2669783276319504
1.3389547389745713
1.4429103112220765
1.3361846095323562
1.2699973911046982
1.3180186194181442
1.1531474018096923
1.3330647337436676
1.4479021036624908
1.3032931649684907
1.1716013407707215
1.2527667593955993
1.2896058142185212
1.3212848496437073
1.3439254975318908
1.2969860327243805
1.199944526553154
1.3295454108715057
1.2503042334318162
1.2040624237060547
1.4643221020698547
1.260078228712082
1.2255178308486938
1.228300817012787
1.2711810326576234
1.2074026954174042
1.3116958117485047
1.3322245943546296
1.290358322262764
1.298448132276535
1.3664731776714325
1.1550086200237275
1.320735629796982
1.3234149098396302
1.3106430602073669
1.1794840788841248
1.3776262152194976
1.3043836295604705
1.2902121651172638
1.2179348468780518
1.219526513814926
1.2867040795087814
1.3493506944179534
1.2854825055599213
1.408523690700531
1.341395735144615
1.2631840765476228
1.3233013880252837
1.230768812894821
1.3164100241661072
1.3093750011920928
1.3604864692687988
1.2967102080583572
1.3183193039894103
1.4157790207862855
1.3697708666324615
1.2877117651700973
1.3451376712322236
1.2422500193119048
1.242901202440262
1.2179365241527558
1.3080289101600646
1.2972097116708756
1.2655509012937545
1.2905768424272537
1.2269703328609467
1.263016664981842
1.4252646458148956
1.3067953717708587
1.290678146481514
1.1998623222112657
1.2748172116279601
1.182416605949402
1.2597813510894775
1.223104223012924
1.276154088973999
1.3032927048206329
1.2128857338428498
1.2982692158222198
1.2120174437761306
1.338581873178482
1.1472710525989533
1.3757805407047272
1.236358402967453
1.4157716399431228
1.3371080589294433
1.3492363369464875
1.35565669298172
1.2111539268493652
1.2502033400535584
1.37147789478302
1.2515071880817414
1.3357909846305847
1.197591050863266
1.3148542761802673
1.1842151182889937
1.2183799040317536
1.401917740702629
1.2221245908737182
1.1871455323696136
1.2757050228118896
1.227396034002304
1.2805521452426911
1.2464789247512817
1.2568290954828263
1.2430545747280122
1.2982881212234496
1.2382653844356537
1.363227458000183
1.2205272376537324
1.2222010219097137
1.1972897785902024
1.2666153246164322
1.258977324962616
1.3050976318120957
1.2545120346546172
1.2079591876268387
1.186096694469452
1.2971911919116974
1.3353450107574463
1.2650663429498672
1.2484067714214324
1.349497018456459
1.3480246245861054
1.206178035736084
1.3411993443965913
1.2267926335334778
1.3393716484308242
1.3079856622219086
1.331764680147171
1.1442538660764694
1.3955164623260499
1.271707416176796
1.3379146856069566
1.401494747400284
1.2469013983011246
1.2087766563892364
1.2834168148040772
1.3096916663646698
1.2358987021446228
1.1846443939208984
1.3158648055791855
1.191099997162819
1.2867526531219482
1.2951029098033906
1.2547071254253388
1.162786295413971
1.3616134428977966
1.1634692811965943
1.2995174145698547
1.2625283479690552
1.2624197405576707
1.258916019797325
1.2790156710147857
1.1581477057933807
1.340749398469925
1.2130784809589386
1.2776663315296173
1.2135064721107482
1.2762344974279403
1.1952939605712891
1.1984857177734376
1.35261638879776
1.193321899175644
1.183344452381134
1.2252635580301285
1.1112431329488754
1.2388493984937667
1.2237531042099
1.230280492901802
1.3308996224403382
1.192886950969696
1.2419736218452453
1.225827522277832
1.3196672344207763
1.1455083864927291
1.2714046740531921
1.3602718955278397
1.2763964241743089
1.2329780113697053
1.2927233350276948
1.1748137617111205
1.2331441044807434
1.1724041748046874
1.1902245724201201
1.2873824012279511
1.293230699300766
1.3113149511814117
1.2405294585227966
1.1776610815525055
1.3020564061403275
1.2806548738479615
1.1160976386070252
1.2848619675636292
1.3392253136634826
1.2923920035362244
1.1391588521003724
1.1582532572746276
1.2847889369726182
1.2069305086135864
1.3787962114810943
1.325459657907486
1.242916419506073
1.178291975259781
1.229922868013382
1.277070027589798
1.1856199187040328
1.256307703256607
1.1831176942586898
1.2530857014656067
1.384822804927826
1.2042164170742036
1.3026057505607604
1.3288230687379836
1.2153887176513671
1.1491398239135742
1.260116822719574
1.369173457622528
1.3947260427474975
1.2583434534072877
1.3166638278961182
1.1980547642707824
1.21870499253273
1.21803777217865
1.3204102087020875
1.1366541182994843
1.274394665956497
1.18244952917099
1.3020792639255523
1.185950869321823
1.1257823204994202
1.2339226043224334
1.1599513804912567
1.2842787945270537
1.1282987958192825
1.2445109033584594
1.2799583178758622
1.0966356480121613
1.293621348142624
1.3386969769001007
1.3680051243305207
1.146081076860428
1.2733955192565918
1.2517681443691253
1.1935300797224044
1.2426869034767152
1.293376019001007
1.3161511373519899
1.215507571697235
1.2300202763080597
1.2645531344413756
1.2744957792758942
1.2615196049213409
1.272188138961792
1.2982101720571517
1.3256770360469818
1.2315045523643493
1.270650709271431
1.2100899851322173
1.2657301479578018
1.1673098385334015
1.2088630449771882
1.2590299898386001
1.2805466842651367
1.2018076002597808
1.2915200471878052
1.2978607535362243
1.2374953591823579
1.299319590330124
1.3021546840667724
1.2725230181217193
1.2087934601306916
1.2678824257850647
1.244255833029747
1.3578984069824218
1.2253627741336823
1.1706309986114503
1.2922987532615662
1.2124489259719848
1.233402955532074
1.265393135547638
1.1150871765613557
1.2409612429141998
1.2626582765579224
1.240747745037079
1.2333030223846435
1.2846144759654998
1.3018188047409058
1.1760496425628661
1.2015851974487304
1.1803227651119232
1.302589646577835
1.2890412843227386
1.2632318973541259
1.1617324113845826
1.3754930627346038
1.2331899976730347
1.1990507644414903
1.2970554786920547
1.2778505593538285
1.242314361333847
1.1172830867767334
1.167812227010727
1.3229764783382416
1.1032817220687867
1.0685797572135924
1.1172245728969574
1.0119427728652954
1.1741602820158006
1.033440467119217
1.066363708972931
1.0379109215736388
1.048068887591362
1.0595415389537812
1.0078378397226333
1.0412406039237976
1.0478081810474396
1.0506050503253936
1.0127632242441178
1.111691568493843
1.072130293250084
1.0479382956027985
0.9637632143497467
1.0179828190803528
1.1007383996248246
0.9733248233795166
0.9719765812158585
1.0946824538707733
1.061482685804367
1.036948949098587
1.0450836086273194
0.9689366716146469
1.0804969131946565
1.0575213146209717
0.9812056511640549
0.9650730413198471
1.0272209632396698
1.0832008278369905
1.0783214956521987
1.0165971517562866
0.9967262470722198
0.9715490430593491
1.0249840581417085
1.1075110399723054
1.2297458529472352
1.0780385392904281
1.0439862757921219
1.0157111167907715
0.9926856756210327
1.1514974415302277
1.0023022693395616
1.1072187650203704
1.1006558692455293
0.9755560022592544
0.9825734549760818
1.051405503153801
1.0095645737648011
0.9941060346364975
1.0320599514245987
1.0174927788972854
1.0110482120513915
1.0587488663196565
1.1069240605831145
1.0826000463962555
1.0148044484853744
1.0791424494981765
1.080079871416092
1.0305725651979447
1.0291684019565581
1.1321753227710725
1.0768576258420943
1.0824754363298417
1.1306745672225953
0.9657341039180756
1.0846516513824462
1.0223271942138672
1.0734701234102249
1.1413046061992644
0.9203057360649108
1.0516365027427674
1.0617437148094178
1.0742533701658248
1.0608924371004105
1.031942195892334
1.0619926285743713
1.0726680010557175
1.0607654720544815
0.9956642544269562
1.056725830435753
1.0507916313409806
1.0984665101766586
1.103113511800766
1.0454373526573182
1.0598616367578506
1.044797733426094
1.0429352056980132
0.9846464711427688
0.9841012215614319
0.9959089225530624
0.9963752084970474
1.0857751369476318
0.972632771730423
1.0149755954742432
1.0913044941425323
1.0621185332536698
1.0916788792610168
1.1428217762708663
1.0470782321691514
1.122859696149826
0.9732141143083572
1.0413857287168502
1.0907621139287949
1.0053201419115068
1.0689035367965698
1.0801888406276703
1.0789360398054122
0.9590573555231094
1.0198057854175568
1.10239537358284
1.0741839337348937
1.035389971137047
1.0211375057697296
1.0314145076274872
1.024775922894478
1.0744689643383025
1.1271900701522828
0.9990608310699463
1.0514969909191132
1.0510840266942978
1.0993829596042632
0.9515483951568604
1.057989266514778
1.0540591490268707
1.0604746961593627
1.0285759764909743
1.0748329484462738
1.0347562217712403
1.093663467168808
1.0592008984088899
1.0445631384849547
1.042308160662651
1.0332115340232848
1.081804866194725
1.1180275118350982
1.0464292716979982
1.057594074010849
1.0800841903686524
0.9939038306474686
1.0609079372882844
1.037177690267563
1.0772447735071182
1.0122470080852508
0.9844863045215607
1.05661514043808
1.0603037482500077
1.0305340611934661
1.048226901292801
1.111074570417404
0.9796117341518402
1.1600509619712829
1.0592513108253478
1.064818389415741
0.9580216485261918
1.0269797617197036
0.9829403126239776
0.9805804848670959
0.9991585463285446
0.9716609746217728
1.2105181246995926
1.0559224420785904
1.0619695371389388
1.0166986799240112
1.0178222119808198
1.071856633424759
0.9745183914899826
1.0150775766372682
1.034308345913887
1.073780015707016
0.9754461932182312
1.003819910287857
