0.10226664409041404
0.09758036226034164
0.0982954503595829
0.09735901460051537
0.09727892860770225
0.09264063283801079
0.09563409611582756
0.09811869941651821
0.08814970143139363
0.09246565386652947
0.08894476637244225
0.09151546761393548
0.10046590253710747
0.09354301638901234
0.09825008168816567
0.09790180251002312
0.10094873368740082
0.09545499190688134
0.09399130806326866
0.09829144269227981
0.09267939127981663
0.09059824578464032
0.09662577114999295
0.09517044208943844
0.09121648363769054
0.09520293682813645
0.0957243113219738
0.09246810168027877
0.09167359493672848
0.09497735515236855
0.09350361637771129
0.09329453885555267
0.09374716632068157
0.09234024606645107
0.09675941810011864
0.0924355835467577
0.0885347256064415
0.09387626677751541
0.0903406023234129
0.09319908402860165
0.09131190091371537
0.08984292335808278
0.09416619330644607
0.09565243482589722
0.09955887377262115
0.09418816089630128
0.08980554856359958
0.09777653723955154
0.09800980448722839
0.0935071511566639
0.09897397272288799
0.08696409285068513
0.08588263526558876
0.09834221713244914
0.09490930795669555
0.0940532261133194
0.09757525496184825
0.09152638159692288
0.09066994175314903
0.09119165800511837
0.0893598236143589
0.09178867526352405
0.09238470114767551
0.08930444017052651
0.09169065564870835
0.09519603975117207
0.09302514970302582
0.09183805167675019
0.09650557152926922
0.08898613475263119
0.0897203667461872
0.0902937638759613
0.0896102723479271
0.08590635262429715
0.09233723253011704
0.0937552036345005
0.08908543914556503
0.08837582267820836
0.08809348039329051
0.0876803009957075
0.09143120810389518
0.09176399402320384
0.08881264284253121
0.09218071550130844
0.08680783145129681
0.08711385287344456
0.0889237166941166
0.08801274888217449
0.09634871378540993
0.08470495402812958
0.09052218370139599
0.0850468035787344
0.08472493067383766
0.08584107212722301
0.09464002691209317
0.08433627091348171
0.08506583221256733
0.08306088738143444
0.08932065889239311
0.08336586311459541
0.0893120251595974
0.08469322130084038
0.088722063601017
0.08643758438527584
0.0895800145715475
0.08335858725011348
0.08494894161820411
0.08679387420415878
0.08554684318602085
0.08700028911232949
0.08267122946679592
0.0839978040754795
0.08012187860906124
0.0834594302624464
0.08456840738654137
0.08751976720988751
0.08187208510935307
0.08291670069098472
0.08536071211099625
0.08393958158791065
0.09005107387900352
0.08166047319769859
0.08629276916384697
0.0897966606169939
0.08315462306141853
0.08389417737722397
0.08316335804760457
0.08485906898975372
0.0832248317450285
0.08575428642332554
0.08803349293768406
0.08321419455111027
0.08487494543194771
0.08177022621035576
0.08678678765892983
0.08257896088063717
0.08258274659514427
0.08497908398509026
0.08129419602453708
0.08468814045190812
0.08344933152198791
0.08426859579980374
0.08369501121342182
0.08292878359556198
0.08538421489298344
0.08393963925540447
0.08694337032735348
0.08470347866415978
0.08547975473105908
0.08203332863748074
0.08616862580180168
0.07964426651597023
0.08264563240110874
0.08447383999824525
0.08616365604102612
0.07908826790750027
0.0824032573401928
0.081469309553504
0.08093997202813626
0.0840758241713047
0.08596965372562408
0.08422208428382874
0.08407989159226417
0.07961572118103505
0.08459919407963752
0.0835501366853714
0.08171483606100083
0.08090214110910893
0.08358877778053284
0.08252576887607574
0.0795213858410716
0.08707951471209525
0.08140422374010087
0.08080811850726605
0.07834206908941269
0.0844102967530489
0.08171270020306111
0.0770783519744873
0.0860188389569521
0.082232735902071
0.08188703037798405
0.08365007057785988
0.08065704025328159
0.08387497074902057
0.08142548836767674
0.08345600463449955
0.08504285648465157
0.0805574656277895
0.08440508738160134
0.08881248623132705
0.08358617216348647
0.08211173832416535
0.07947364240884781
0.08006349720060825
0.08378264911472798
0.08561022460460663
0.08007770851254463
0.08531411245465279
0.07965962335467339
0.0807811340689659
0.07974091038107872
0.08259702362120151
0.07862103439867496
0.08067210234701633
0.0836506350338459
0.08649000503122807
0.07709249779582024
0.07813668906688691
0.08434637568891049
0.08433346323668957
0.07749690987169743
0.08394341379404067
0.08345552146434784
0.07737435013055802
0.07998475894331931
0.08162633374333382
0.0827337946742773
0.08419061496853829
0.08098343230783939
0.08453850612044335
0.08105793103575706
0.08030440717935562
0.08440804131329059
0.07923280104994773
0.08076790869235992
0.07791261084377765
0.08257037915289402
0.08391829848289489
0.08163835614919662
0.08281725242733956
0.07656520336866379
0.08041907750070094
0.07926209952682256
0.07927896596491336
0.08228362664580345
0.08326475508511066
0.08527985863387584
0.0789816689491272
0.08348024651408195
0.08069840788841248
0.07820212349295616
0.07992709249258041
0.0838473305106163
0.08210256978869439
0.08220814399421215
0.0787029767036438
0.08351443566381932
0.08180582098662853
0.08204788722097874
0.08032354801893234
0.08396677225828171
0.07693785324692726
0.08561700068414212
0.08179723873734474
0.0798598214238882
0.08127705186605454
0.07865621894598007
0.08470979332923889
0.07880131997168065
0.0786379787325859
0.08508710242807865
0.07875043414533138
0.07964592173695564
0.08120098449289799
0.07947855606675149
0.08026728190481663
0.08102180525660514
0.08122599236667156
0.08015637524425984
0.07851632960140704
0.08097732335329055
0.08323374152183532
0.08625227473676204
0.07719229832291603
0.08305546201765537
0.0865525534003973
0.08680839814245701
0.08411275185644626
0.08261691816151143
0.08318202570080757
0.08025077112019062
0.07539952330291272
0.08406217738986016
0.08324499517679214
0.08201543964445591
0.08345523715019226
0.07844439752399922
0.0820988531410694
0.07752291478216648
0.078713114336133
0.08471045903861522
0.08157422989606858
0.0752492879331112
0.07964896656572819
0.07630622684955597
0.08118234023451805
0.08331766337156296
0.0786567234992981
0.08033215947449207
0.08124137379229068
0.0773335587233305
0.07782122239470482
0.07963060162961483
0.07722072400152684
0.0793952726200223
0.08506849706172943
0.08349362507462502
0.07747763395309448
0.08126464173197746
0.08526095017790794
0.07816113658249378
0.08389080353081227
0.07676522076129913
0.0784088296443224
0.07988855823874473
0.07481187246739865
0.08112466000020505
0.07684588365256786
0.08374036587774754
0.08074589125812054
0.08003362089395523
0.08741928063333035
0.08498122669756412
0.07759458683431149
0.07846130222082139
0.07709722518920899
0.08129648663103581
0.08114260539412499
0.08725855670869351
0.0764285771548748
0.08313723653554916
0.08049536027014255
0.08056943193078041
0.08053116515278816
0.07987272575497627
0.07976047269999981
0.0785352598875761
0.08436823524534702
0.08272234603762627
0.08182693012058735
0.07718175578862428
0.07883282259106636
0.08301357813179493
0.08070950113236904
0.08492851741611958
0.07964015960693359
0.08212606728076935
0.08400790058076382
0.08155972562730313
0.07924340464174748
0.08489373184740544
0.08246632918715477
0.07592612840235233
0.07854217857122421
0.08293250076472759
0.08255599103868008
0.07396202996373176
0.08235549896955491
0.07356711827218533
0.07650953866541385
0.08036061249673367
0.07730971090495586
0.07902796916663647
0.0806215164810419
0.0786008869111538
0.08085474543273449
0.07873493999242782
0.07615283876657486
0.08543018750846386
0.07773403942584992
0.08206509724259377
0.07763608306646347
0.08493458837270737
0.07742465697228909
0.07852295078337193
0.0763913033157587
0.07679749183356761
0.0777975419163704
0.08215689256787301
0.0782311126589775
0.07820126116275787
0.07799704149365425
0.07944767147302628
0.08287270560860634
0.07801911681890487
0.08009023539721966
0.07498793803155422
0.08006674602627754
0.07979946069419384
0.07738971769809723
0.08020862802863121
0.07778169251978398
0.07620719701051712
0.07904049463570118
0.07966810256242753
0.07983238749206066
0.08172596089541911
0.07861887283623219
0.08367595486342908
0.08064245902001858
0.08174490459263324
0.07628780022263527
0.07796741098165512
0.07319188050925732
0.0775487694889307
0.08036152467131615
0.08054506085813046
0.07739934742450714
0.08258223205804825
0.07311053298413754
0.07742781318724155
0.07632902629673481
0.08536164462566376
0.08073104478418827
0.07827596373856067
0.08690326765179635
0.07984174586832524
0.07608199030160905
0.07922183759510518
0.07663904681801796
0.0835216773301363
0.08003604419529438
0.08023400090634823
0.082474005818367
0.07763595134019852
0.07872924961149692
0.08307636119425296
0.07886806704103946
0.08388566248118877
0.07713855654001237
0.07926089346408843
0.07819277286529541
0.07375569798052312
0.07596947245299816
0.07390016466379165
0.0830631984770298
0.07958880349993706
0.08227726981043816
0.08213247917592525
0.08171568751335144
0.07792782172560692
0.08122860886156559
0.07830104731023312
0.08188684977591038
0.078823401927948
0.08029114864766598
0.07820836871862412
0.07835371285676956
0.07686542965471745
0.07929750129580498
0.08095998503267765
0.0793130137771368
0.0835139986127615
0.07692587286233903
0.07922743409872054
0.07831679433584213
0.07641754880547523
0.07711521223187447
0.07979484140872956
0.07666843920946122
0.07663798522204161
0.08245827939361333
0.08359302341938019
0.07826374672353267
0.0777216000854969
0.07846090346574783
0.07603798329830169
0.08098566971719265
0.07209443368017673
0.08378722079098225
0.07911450251936912
0.07522254154086112
0.07901539839804173
0.07624014653265476
0.07978387013077735
0.0770898312330246
0.08163495838642121
0.08671819671988487
0.07824391201138496
0.07904095649719238
0.07878549881279469
0.08161070734262467
0.07695568732917309
0.07610837236046791
0.08038462527096271
0.07987399540841579
0.07843484081327916
0.08068960711359978
0.08089230380952359
0.08331326350569725
0.07945253647863865
0.08136907957494259
0.07983701333403587
0.07479546651244164
0.08081414952874183
0.07714144833385944
0.07656696476042271
0.0797686194628477
0.07925383515655994
0.08166297547519207
0.08453324489295483
0.07819681212306023
0.07370503172278405
0.07927752166986465
0.07914372771978379
0.07705328159034253
0.07875308953225613
0.07567774407565593
0.07884307302534581
0.07662077397108077
0.07444900318980217
0.08133820973336697
0.0782297596335411
0.07505398482084275
0.08248194232583046
0.0834217332303524
0.07719496883451939
0.07729740984737873
0.0805364128947258
0.07629987262189389
0.07737983614206315
0.08213202998042107
0.0765770947188139
0.0752354846522212
0.0775828230381012
0.08346100568771363
0.08524132870137692
0.080380731895566
0.08491231024265289
0.07564068108797073
0.07986929662525653
0.07767714031040668
0.07584677696228027
0.0809766759723425
0.07622766003012657
0.07212049461901188
0.08072468787431716
0.07946588262915612
0.07648490130901336
0.07747495785355568
0.08130926974117755
0.07535864405333996
0.07722364284098149
0.07982832811772823
0.07379238285124302
0.07718643307685852
0.08226998478174209
0.08307390652596951
0.07626111947000026
0.08108878999948502
0.07975842356681824
0.08018495567142964
0.07703262835741043
0.07804821409285069
0.07566728740930558
0.07860570192337037
0.07672696672379971
0.07947728961706162
0.08226992882788181
0.07629460394382477
0.08012908332049846
0.07864921316504478
0.08002025231719018
0.08123131953179837
0.07999971874058247
0.07949820302426815
0.07819776460528374
0.08490036644041538
0.08053002968430518
0.07504122175276279
0.07803715147078037
0.07916291188448668
0.08007647283375263
0.07916761949658394
0.07801561295986176
0.07922591380774975
0.07693567872047424
0.0771466051787138
0.07516816459596157
0.07824614778161049
0.08113984577357769
0.08194148615002632
0.07681124709546566
0.07478406332433224
0.07826184339821339
0.07780665382742882
0.07846531711518764
0.07245255351066589
0.07842977210879326
0.08005889944732189
0.07845384918153286
0.0778286638110876
0.07839831218123436
0.07891218453645706
0.07679071694612503
0.079487771615386
0.07803092926740646
0.0815469628572464
0.07520376197993756
0.07740911215543747
0.07788690887391567
0.07898352570831775
0.07684715814888478
0.07844192184507846
0.07925941385328769
0.07574270650744439
0.07351055391132831
0.07482672974467278
0.0775528397411108
0.07762446068227291
0.08091939128935337
0.07824763298034668
0.07845540285110474
0.07968967877328396
0.07889925323426723
0.0792456829547882
0.07363110072910786
0.07987854294478894
0.074722166582942
0.07886077702045441
0.07945775359869003
0.08168199144303799
0.0782806058973074
0.07674410715699195
0.07770460426807403
0.07548579402267933
0.0761786425858736
0.07981061816215515
0.0734178824722767
0.07214961662888526
0.07568758830428124
0.08344366744160653
0.07941609844565392
0.08107240289449692
0.0763258808106184
0.0809688450396061
0.07944902710616589
0.08325225129723549
0.0839530237019062
0.07973890878260136
0.07762260258197784
0.07790108487010002
0.0814730029553175
0.07390291720628739
0.08162620238959789
0.0791322660446167
0.07910616390407085
0.08208254635334016
0.07602835573256016
0.0788036485761404
0.08047709658741951
0.0793688452988863
0.07402746081352234
0.07798382803797722
0.0791627499833703
0.07664622582495212
0.07520082436501979
0.08180202722549439
0.07472106613218785
0.07317483514547347
0.08163532413542271
0.07839152902364731
0.07427725054323674
0.07614798054099083
0.08120554625988007
0.0817551589757204
0.07672712601721286
0.0729463091492653
0.08274306260049342
0.07528982624411583
0.07881876930594445
0.0772638226300478
0.08197300739586354
0.07557688966393471
0.07363871581852437
0.08048586376011371
0.07481590032577515
0.07972250968217849
0.07929060481488705
0.07569382190704346
0.07368214398622513
0.07764262728393077
0.07672989957034587
0.07825031816959381
0.07921731777489185
0.07694680914282799
0.0753522626310587
0.07434669390320778
0.07537652947008609
0.07460512295365333
0.08310222297906876
0.07553531609475612
0.07739673033356667
0.08138859927654267
0.07930754199624061
0.07780160360038281
0.0760431357845664
0.07895572043955326
0.07990158084779977
0.08157514721155167
0.07973513431847096
0.07671877585351466
0.07901532709598541
0.08561622202396393
0.08037932634353638
0.07384361669421197
0.07979947611689568
0.07964465685188771
0.07760190591216087
0.07457492977380753
0.0763374412804842
0.07520362950861453
0.07678124390542507
0.08403092831373214
0.08088402085006237
0.0774276078492403
0.0787809919565916
0.0756164163351059
0.08080973379313945
0.07771567612886429
0.07771026030182838
0.07157340183854104
0.07870923668146133
0.08136519722640514
0.07672524057328702
0.08243400819599628
0.08241129204630852
0.07760303616523742
0.07319482989609241
0.0794197914004326
0.0797503836452961
0.0819260971993208
0.07912541314959526
0.08304738722741604
0.07907945685088634
0.08187341190874577
0.07358468949794769
0.07862203679978848
0.07678158536553382
0.08047361679375171
0.07774675212800503
0.08024041704833508
0.07480727769434452
0.07149077586829662
0.07941228859126567
0.07557364985346794
0.07705764032900334
0.07240212514996529
0.07485318258404731
0.08065726906061173
0.07622899018228053
0.07820549458265305
0.07914216861128807
0.08327293142676354
0.07693332046270371
0.07848048567771912
0.0769694185629487
0.07847583450376988
0.07534244820475579
0.0788328643143177
0.07664481610059738
0.07620765626430512
0.07558407053351403
0.07501972332596779
0.07780232854187488
0.08303183004260063
0.07688516288995743
0.07938757732510567
0.07721892908215523
0.07698826529085637
0.07747223176062107
0.07984002612531185
0.0777050506323576
0.07894314236938954
0.07144605915993452
0.08212952502071857
0.08151462510228157
0.08077534906566143
0.07796959333121777
0.0774456238001585
0.08166764236986637
0.0826613512635231
0.08047078497707844
0.08018413387238979
0.07848849087953567
0.07848183631896972
0.07686570644378662
0.08023208104074002
0.07961506932973862
0.07556041613221169
0.07961849913001061
0.07647719047963619
0.0806214278191328
0.08099678412079811
0.07748715624213219
0.07481054574251175
0.07739404425024986
0.07419260211288929
0.07466874077916145
0.08007055088877678
0.07583310440182686
0.07538425594568253
0.07690545529127121
0.07946377947926521
0.08229991145431996
0.07940536469221116
0.07492296531796455
0.07505933251231908
0.07860670566558838
0.07680273450911045
0.07958537846803665
0.07887130297720432
0.07777394331991673
0.08137189492583274
0.07344041965901851
0.0773399443551898
0.07868805959820747
0.06715232979506254
0.06984428837895393
0.06797436006367207
0.0661064925044775
0.07212785456329585
0.07072183273732663
0.06877785608172417
0.0676449478417635
0.06975843749940396
0.069288315102458
0.06503402568399906
0.06737119555473328
0.06749051950871944
0.06960933856666088
0.06596344538033008
0.0726433340460062
0.07134256720542907
0.06556123629212379
0.06426703937351703
0.06791293434798717
0.06982069194316864
0.0681166646629572
0.06487789914011956
0.07220806926488876
0.07360638193786144
0.0632138691097498
0.06654627107083798
0.0657748394086957
0.06693713665008545
0.06676857434213161
0.0627579803019762
0.06559194318950176
0.06829757563769817
0.07226387806236743
0.06824707329273223
0.0652531074732542
0.06322662688791753
0.06651327915489674
0.0640169819816947
0.06913179442286492
0.07157312154769897
0.07087062448263168
0.06990235060453415
0.06470156263560056
0.06662706688046455
0.0743926164507866
0.06966668859124184
0.07090619288384914
0.07044393666088582
0.06270165674388409
0.06499949134886265
0.06831090472638607
0.06526381775736809
0.06774191290140152
0.06522232562303543
0.06360138192772866
0.0646432963758707
0.06961014967411756
0.07062575519084931
0.06514626454561949
0.06935382507741451
0.06890417538583278
0.07296856738626957
0.06853274621069431
0.06496552988886833
0.07195826962590218
0.06752983219921589
0.06981611050665379
0.07080086581408977
0.06485773347318173
0.07071423009037972
0.07174291670322418
0.06671661660075187
0.06912458389997482
0.06342683687806129
0.06776309832930565
0.07018039248883724
0.0696860359236598
0.0680322563648224
0.06484662279486657
0.06750044748187065
0.06825702905654907
0.06608713552355766
0.06649101320654154
0.0675081516802311
0.0685594705492258
0.06447270601987838
0.06845106042921544
0.06849240593612194
0.06557996567338704
0.06961096107959747
0.06523366987705231
0.06671401023864747
0.06459963783621787
0.06970351286232472
0.06793038174510002
0.06902533948421478
0.06441744823008776
0.06678376689553261
0.06963926486670971
0.06631241604685784
0.06999728336930275
0.07356982015073299
0.06419061876833439
0.06856391832232475
0.06632733203470707
0.06895116843283176
0.07142564535140991
0.06434506870806217
0.06639656197279692
0.06953438363969326
0.07026363059878349
0.06672414399683475
0.06771116495132447
0.06908065475523471
0.06446882657706737
0.07059097096323967
0.06508056700229645
0.06686217162758112
0.06353055313229561
0.072657128572464
0.06791186291724444
0.06404658351093531
0.06934553422033787
0.06694333709776401
0.06653222322463989
0.06479503586888313
0.06495973624289036
0.07171369023621083
0.06824981816112995
0.06675976920872927
0.06925924055278301
0.06573751121759415
0.0708899637311697
0.06744397200644016
0.06897894773632288
0.06779308661818505
0.06930612660944462
0.06760037872940301
0.06852758765220641
0.06312839642167091
0.06914928868412971
0.07254439927637577
0.06588492896407842
0.07024506986141205
0.06867379680275917
0.06659831807017326
0.06354190997779369
0.06407581120729447
0.0696895595639944
0.07094931207597256
0.06686677515506745
0.06239316761493683
0.07143510073423386
0.0669224139302969
0.06967593736946583
0.06785945013165474
0.06955309189856053
0.06592920023947954
0.06469601064920426
0.06513146102428437
0.06477473963052034
0.06784696325659752
0.0649481925368309
0.0757807233184576
0.06625606819987297
0.07056885913014412
0.06887440383434296
0.06976109080016613
0.06899753101170063
0.07098732098937034
0.07126754030585289
0.06761364348232746
0.06834745056927204
0.06359557867050171
0.06634042300283909
