1.4769789028167724
1.4522642290592194
1.4415948510169982
1.436983621120453
1.450938537120819
1.39246022939682
1.4258855390548706
1.4323419296741486
1.3414467287063598
1.358630781173706
1.3409965801239014
1.3673188722133636
1.464107677936554
1.3789206886291503
1.4350145888328552
1.4436665844917298
1.486313464641571
1.4337284064292908
1.3894476389884949
1.4604364371299743
1.3849565482139587
1.3496510767936707
1.4165403652191162
1.41121866106987
1.3596753990650177
1.4156765735149384
1.4243672668933869
1.3798622286319733
1.3514792943000793
1.4221412205696107
1.4009513688087463
1.38552938580513
1.403327214717865
1.3753380715847014
1.4218214678764343
1.3665521383285522
1.3384942865371705
1.3795061922073364
1.3577114784717559
1.3812829422950745
1.360696326494217
1.3493027710914611
1.3927407276630401
1.3999263036251068
1.4640418934822081
1.3907414329051973
1.3306287455558776
1.4466354274749755
1.4312807857990264
1.3883441925048827
1.4710272884368896
1.3063748717308044
1.2938962292671203
1.4639345836639404
1.3779365253448486
1.3976670873165131
1.4255148804187774
1.351788626909256
1.3636807155609132
1.360727220773697
1.334995459318161
1.3662194609642029
1.3639695966243743
1.339839861392975
1.3700645804405212
1.3870977771282196
1.3622211015224457
1.3636401915550231
1.4040016508102418
1.3241911029815674
1.3425131916999817
1.3447742104530334
1.3355509054660797
1.2867506384849547
1.3890712428092957
1.387442786693573
1.3244089317321777
1.3341016209125518
1.338554493188858
1.3290841674804688
1.3596396899223329
1.368218309879303
1.332477515935898
1.360159500837326
1.3042197287082673
1.3145637094974518
1.3234639763832092
1.3269413340091705
1.429630801677704
1.2759121775627136
1.352538217306137
1.2782377445697783
1.2808068132400512
1.2855157566070556
1.389433937072754
1.2729506886005402
1.2797401058673858
1.2715331602096558
1.3424264073371888
1.2572527825832367
1.356242743730545
1.2785707652568816
1.3247873747348786
1.3092352366447448
1.3251703870296478
1.2787061631679535
1.2757541966438293
1.2991606187820435
1.289851917028427
1.2963511848449707
1.2739935982227326
1.2609256184101105
1.2345679354667665
1.2496651887893677
1.2805182611942292
1.3146201169490814
1.2487478399276732
1.2497476792335511
1.2888442265987397
1.2793375694751739
1.3387902629375459
1.2378162753582
1.2972669506072998
1.3383639669418335
1.2656402945518495
1.2793259727954864
1.2715518736839295
1.279004718065262
1.271774926185608
1.2735495948791504
1.3113466453552247
1.2627569115161896
1.2870810663700103
1.2290887176990508
1.3035736536979676
1.239408094882965
1.2588391268253327
1.2737451851367951
1.2395422160625458
1.2786633586883545
1.254670420885086
1.2700008535385132
1.2555963134765624
1.2468022537231445
1.2836320912837982
1.2801297342777251
1.295243625640869
1.279951295852661
1.2763408994674683
1.2454903531074524
1.291034334897995
1.200078774690628
1.2704425525665284
1.258902142047882
1.2739053118228911
1.2091108918190003
1.2688745844364167
1.2208589708805084
1.2194172286987304
1.2539171075820923
1.289636424779892
1.260135953426361
1.2718376410007477
1.2061644649505616
1.2828113996982575
1.2550047481060027
1.221920245885849
1.2305339550971985
1.2510226929187775
1.2498251914978027
1.2055602037906648
1.2926032042503357
1.2403739285469055
1.2323849546909331
1.1829259407520294
1.268615676164627
1.2231960260868073
1.1906889152526856
1.2790402615070342
1.263736559152603
1.2408627700805663
1.2475663173198699
1.22152237534523
1.2519468414783477
1.2246884107589722
1.2477110755443572
1.278715101480484
1.2135456955432893
1.2625406658649445
1.3231944990158082
1.2443923795223235
1.2466885018348695
1.196890753507614
1.2206124436855317
1.2705615150928498
1.2731195509433746
1.2190834736824037
1.2888837599754333
1.220760087966919
1.2287574470043183
1.1971079099178314
1.232031831741333
1.2015343284606934
1.219436172246933
1.2627708101272583
1.285228705406189
1.1729127764701843
1.179210193157196
1.2638962733745576
1.248444879055023
1.183037693500519
1.2448427402973175
1.2544739878177642
1.1876203632354736
1.219101332426071
1.2200953030586243
1.2538595306873321
1.235568298101425
1.2162369310855865
1.2697706830501556
1.2133588564395905
1.2013776683807373
1.2402915370464325
1.2062967109680176
1.2129027736186981
1.1812959897518158
1.2391075444221498
1.2519562828540802
1.2356996941566467
1.2326097524166106
1.1642820084095
1.2148084735870361
1.2051219570636749
1.1920214080810547
1.2373821926116944
1.2493017995357514
1.2658665347099305
1.2007316088676452
1.241175880432129
1.215406914949417
1.1807380330562591
1.2083976888656616
1.2524120283126832
1.2449652099609374
1.2356658577919006
1.1900650537014008
1.251410609483719
1.214077171087265
1.2299693632125854
1.2156171667575837
1.2735999357700347
1.1663061738014222
1.261051299571991
1.223618391752243
1.2126642179489135
1.2134976172447205
1.1856539309024812
1.2593027782440185
1.2071462452411652
1.1869966888427734
1.2633231210708618
1.2045966911315917
1.2023184823989868
1.2073823308944702
1.189672408103943
1.2092277884483338
1.2100017976760864
1.230660845041275
1.219889179468155
1.200416464805603
1.219691091775894
1.2427126634120942
1.2691895413398742
1.1504177415370942
1.2248970067501068
1.2870138919353484
1.2822708225250243
1.2479301261901856
1.2380043482780456
1.2488444566726684
1.200274589061737
1.140297441482544
1.2516837298870087
1.2495655190944672
1.2360556244850158
1.2373578023910523
1.1850332152843475
1.2325400912761688
1.1708512890338898
1.1893726980686188
1.2621523678302764
1.2223213696479798
1.1457934010028838
1.192167831659317
1.166986846923828
1.2080511093139648
1.240993378162384
1.1822040891647339
1.2058378863334656
1.21708425283432
1.1709727776050567
1.1697731518745422
1.1814173948764801
1.168386596441269
1.19295716047287
1.2573443138599396
1.2292718446254731
1.182633329629898
1.2115814185142517
1.2623825252056122
1.1761257863044738
1.2435627973079681
1.1639232647418976
1.1731005692481995
1.2003053605556488
1.1406613719463348
1.2221972846984863
1.1693519353866577
1.248439645767212
1.2115982401371002
1.1947727286815644
1.285018036365509
1.2510633742809296
1.1705219149589539
1.1829423022270202
1.158473391532898
1.2072903752326964
1.2085519933700561
1.2899513912200928
1.170489603281021
1.2390643739700318
1.1942123222351073
1.2018987607955933
1.190453073978424
1.1934992742538453
1.1953389108181
1.1804388165473938
1.2448761510848998
1.2273495602607727
1.2192587113380433
1.1667129445075988
1.1885170245170593
1.2341751563549042
1.202626395225525
1.2561461651325225
1.1924936616420745
1.2104190516471862
1.2276423692703247
1.208882942199707
1.1918275558948517
1.2548972749710083
1.2105087792873384
1.1469960761070253
1.186355594396591
1.2249546694755553
1.2156913125514983
1.1312602579593658
1.2193386137485505
1.1122789549827576
1.145363644361496
1.2008518421649932
1.16254989027977
1.1868664419651032
1.2105792081356048
1.1775540614128113
1.204579359292984
1.183241490125656
1.14384868144989
1.2389844810962678
1.171798232793808
1.222415384054184
1.164158570766449
1.2580342543125154
1.1546420228481293
1.1841081202030181
1.1401519548892975
1.1505523455142974
1.1736044466495514
1.2046985340118408
1.1678046417236327
1.177305850982666
1.14194016456604
1.185636875629425
1.2156303143501281
1.1732927906513213
1.187465043067932
1.1306705069541931
1.195853933095932
1.1988053405284882
1.1600453090667724
1.2089786219596863
1.1701923358440398
1.1557556521892547
1.1811388838291168
1.1930829274654389
1.1891650581359863
1.2207283580303192
1.1735994386672974
1.2170957446098327
1.1931150782108306
1.2174212610721589
1.1479384744167327
1.1702189481258392
1.1026664972305298
1.1656828618049622
1.1826157307624816
1.1879181456565857
1.15961705327034
1.2164264488220216
1.1099866127967835
1.164818104505539
1.1531114447116853
1.2381332123279571
1.2104893183708192
1.1723451375961305
1.265460170507431
1.1847047626972198
1.1373340594768524
1.180562162399292
1.1325874423980713
1.2263334393501282
1.198180720806122
1.2129970049858094
1.2110716998577118
1.1585252356529236
1.164008309841156
1.2192246687412263
1.1784179937839507
1.2217905831336975
1.1621034920215607
1.1808086228370667
1.1716806185245514
1.1183049297332763
1.1542091274261475
1.1363359248638154
1.232342814207077
1.1798192048072815
1.2176993906497955
1.198735966682434
1.2092939603328705
1.1549061357975006
1.2048343849182128
1.1524335873126983
1.2106212246418
1.1755605304241181
1.1885490441322326
1.1684780168533324
1.1646328675746918
1.1503206849098206
1.184545751810074
1.1910411989688874
1.19246488571167
1.2401219773292542
1.1484434807300568
1.1747587954998016
1.1790488648414612
1.1608925366401672
1.1599465203285217
1.1793945503234864
1.1464778983592987
1.1396221923828125
1.221349194049835
1.2233126914501191
1.1637258648872375
1.1584516990184783
1.1720227706432342
1.1476580440998077
1.2082549262046813
1.1056430554389953
1.2289588260650635
1.1728728353977202
1.1339817595481874
1.165839879512787
1.1578353440761566
1.1860177624225616
1.1719789373874665
1.2099121975898743
1.2552209961414338
1.1651289296150207
1.188750284910202
1.17487291097641
1.2014521658420563
1.1726544070243836
1.1417848455905915
1.1959523916244508
1.1877141976356507
1.1628007340431212
1.195142685174942
1.2143389284610748
1.2319597756862641
1.184442901611328
1.200502140522003
1.1869960737228393
1.1256702756881714
1.1972410309314727
1.1572474694252015
1.1455225360393524
1.1909813368320465
1.1848506796360017
1.2087906873226166
1.2361595594882966
1.1657735371589661
1.1137373518943787
1.1804139113426209
1.1783291006088257
1.1490696418285369
1.172137327194214
1.1314255046844481
1.1665647006034852
1.1539225351810456
1.130850373506546
1.20198788523674
1.1787365674972534
1.1313380014896393
1.21766587972641
1.2353217840194701
1.158209136724472
1.1512105822563172
1.1912347388267517
1.1258955132961272
1.1589258897304535
1.219400496482849
1.1494180393218993
1.126047775745392
1.1518270611763
1.2162011170387268
1.2433289122581481
1.1966429150104523
1.2285697281360626
1.1309633111953736
1.1856826829910279
1.1523698246479035
1.1329070341587066
1.213376101255417
1.1411422848701478
1.0951999974250795
1.181308126449585
1.1744148325920105
1.1339477968215943
1.1585869824886321
1.2024902296066284
1.1407473933696748
1.158106288909912
1.192192542552948
1.1083509159088134
1.1613599586486816
1.210980062484741
1.220772099494934
1.1379419553279877
1.203509351015091
1.180856226682663
1.1925270903110503
1.1438291907310485
1.15488010764122
1.1381993579864502
1.1739982521533967
1.1450105440616607
1.1875434160232543
1.2160151994228363
1.1413924992084503
1.1899752593040467
1.1634113562107087
1.1844741272926331
1.1973128807544708
1.1947195792198182
1.1794521284103394
1.1732632577419282
1.2454151153564452
1.203311276435852
1.1327876675128936
1.1712291193008424
1.167345609664917
1.1766087090969086
1.1643309056758882
1.1642163574695588
1.1750479304790498
1.1473588728904724
1.1570688939094544
1.128299881219864
1.1658892583847047
1.2104891276359557
1.2029068636894227
1.1467974829673766
1.118551914691925
1.163359078168869
1.1478281998634339
1.1621357452869416
1.1002788102626802
1.1632108902931213
1.1820320963859559
1.1582011187076569
1.164023710489273
1.1569173896312714
1.1747263014316558
1.135860778093338
1.1919327783584595
1.1551491212844849
1.2125404357910157
1.1432757031917573
1.1654279935359955
1.1672395980358123
1.1638217496871948
1.145777975320816
1.1758878862857818
1.1695813918113709
1.1455450057983398
1.1058205568790436
1.134064745903015
1.14281885266304
1.155498274564743
1.2088260090351104
1.158496458530426
1.1564178001880645
1.1793889129161834
1.1679707181453705
1.1796838903427125
1.1159249317646027
1.1774168336391448
1.1254297065734864
1.1689333534240722
1.1703942215442658
1.2166032516956329
1.161727532148361
1.1433308815956116
1.1479947888851165
1.1364248979091645
1.140196031332016
1.1833723568916321
1.1148819875717164
1.0923661947250367
1.1316187000274658
1.218592610359192
1.1814182114601135
1.1935453724861145
1.1429215574264526
1.1967586779594421
1.1852995204925536
1.2071658885478973
1.231708356142044
1.1759315049648285
1.1664605832099915
1.1639671266078948
1.2108087420463562
1.1014986252784729
1.2106170022487641
1.1734946250915528
1.1798255026340485
1.2198109781742097
1.1384413921833039
1.1622060990333558
1.190603597164154
1.1804489254951478
1.1209759676456452
1.1522842955589294
1.1817774498462676
1.1338030099868774
1.1344844508171081
1.2032071447372437
1.127428092956543
1.0990337574481963
1.206651587486267
1.153195607662201
1.130588059425354
1.1425046467781066
1.194850834608078
1.2029931378364562
1.1448998951911926
1.0965593087673187
1.213870998620987
1.1297287404537202
1.1760104537010192
1.1529059898853302
1.2003202414512635
1.1269233274459838
1.1023849427700043
1.199690262079239
1.1210467183589936
1.1699732553958893
1.1676587080955505
1.1176964771747588
1.1141726434230805
1.147782905101776
1.14341481089592
1.169891562461853
1.1686920154094695
1.150598508119583
1.1342431581020356
1.1243604409694672
1.1227419650554658
1.1294893097877503
1.2248863995075225
1.1414457488059997
1.152230325937271
1.1965280437469483
1.165427930355072
1.1545701503753663
1.1318494164943695
1.1663390719890594
1.179729801416397
1.1979643976688386
1.1833568227291107
1.1454800760746002
1.1607982420921326
1.2419259858131408
1.1864610242843627
1.106449681520462
1.1782950925827027
1.187265179157257
1.1611131274700164
1.117215589284897
1.132969491481781
1.1364260804653168
1.1387315762043
1.238956857919693
1.1986618375778197
1.1544203448295594
1.1587150621414184
1.1350973081588744
1.1921991503238678
1.1495121228694916
1.1622863984107972
1.0871222198009491
1.1688677704334258
1.210436133146286
1.1416193950176239
1.2095921528339386
1.2156798207759858
1.1556619036197662
1.1042876148223877
1.1767237269878388
1.1930555593967438
1.2150505983829498
1.1714108729362487
1.2177815544605255
1.1629645240306854
1.1949286913871766
1.1079286026954651
1.176825442314148
1.1314149737358092
1.1867729091644288
1.1490664780139923
1.1846588921546937
1.1204637050628663
1.079719877243042
1.1757879340648651
1.121704717874527
1.155092099905014
1.0897604429721832
1.127547676563263
1.1917380356788636
1.1187886226177215
1.1662122058868407
1.1799418365955352
1.2229729878902436
1.1444398605823516
1.1711004436016084
1.1499657869338988
1.161585919857025
1.1369053709506989
1.1808400750160217
1.150945075750351
1.1404223394393922
1.1344429564476013
1.1339738941192627
1.158925552368164
1.2110982513427735
1.1507013523578644
1.1778490030765534
1.1577672111988067
1.1510564696788788
1.154941726922989
1.1707399570941925
1.1564310503005981
1.1576106774806976
1.084219444990158
1.2031336998939515
1.2004243445396423
1.1817558813095093
1.1628932785987853
1.1611328959465026
1.192788074016571
1.2090125596523285
1.1927445065975188
1.1823453664779664
1.1562317788600922
1.1663057923316955
1.1449001812934876
1.1946973299980164
1.1711999213695525
1.1311311388015748
1.1873907101154328
1.1461757242679596
1.1828218185901642
1.191464785337448
1.1418186402320862
1.1281410682201385
1.1627373600006103
1.121534217596054
1.1238139832019807
1.1870342195034027
1.1450879859924317
1.1311788332462311
1.1432373893260956
1.1721235752105712
1.2086000657081604
1.1794171822071076
1.1347807025909424
1.1176138728857041
1.1787204098701478
1.1478294217586518
1.1687362825870513
1.1722028279304504
1.158748996257782
1.1971059691905976
1.1044644796848297
1.1452187669277192
1.2209202063083648
1.0371081161499023
1.060765436887741
1.0537134432792663
1.01595583319664
1.0929291617870331
1.0676414918899537
1.0495232021808625
1.038956823348999
1.0569156146049499
1.0507350754737854
0.999007955789566
1.0272687113285064
1.0335964119434358
1.0523337876796723
1.0181498420238495
1.096334880590439
1.0761799108982086
1.0142116951942444
0.9926780533790588
1.031991709470749
1.0626299333572389
1.0347036051750182
0.9995222365856171
1.0820989072322846
1.0982147347927094
0.9890092146396637
1.021442494392395
1.007318799495697
1.0299951612949372
1.028687641620636
0.9845361745357514
1.0069736313819886
1.0492512702941894
1.086315203309059
1.043195856809616
1.0073271739482879
0.9820072066783905
1.0175514090061188
0.9994799852371216
1.054527382850647
1.0941926205158234
1.06820791721344
1.0604438173770905
1.001941351890564
1.0184068858623505
1.1101864027976989
1.0467397689819335
1.0750540387630463
1.0730169892311097
0.9800620222091675
1.0060258078575135
1.0447738754749298
1.0079339587688445
1.0339332270622252
1.0074563801288605
0.9913729631900787
1.0023671734333037
1.0564878344535829
1.0699220311641693
1.011504554748535
1.0472938752174377
1.0518931925296784
1.0979826259613037
1.0418618714809418
1.0076610743999481
1.086483906507492
1.0352274560928345
1.0612563824653625
1.079286642074585
0.9960346949100495
1.0696265399456024
1.0745251178741455
1.032038905620575
1.0642883956432343
0.9802757239341736
1.0340520751476288
1.0632352650165557
1.0574169909954072
1.0432332336902619
1.0075818359851838
1.0415027940273285
1.0457519614696502
1.0212385606765748
1.0258992755413054
1.0320979619026185
1.0462394726276398
1.0141834032535553
1.0474548244476318
1.047668181657791
1.0149444830417633
1.0592521524429321
1.0108979558944702
1.0166489827632903
1.0041800677776336
1.0500037932395936
1.037889724969864
1.0561075139045715
0.9934549748897552
1.019812387228012
1.0602693271636963
1.0272577106952667
1.0629559183120727
1.100832883119583
1.0022182381153106
1.0581014204025267
1.0196180605888367
1.0519201266765594
1.0788566780090332
0.9986781120300293
1.0280138230323792
1.0561569046974182
1.0655121791362763
1.016326733827591
1.03767094373703
1.0610407817363738
1.0047111022472381
1.0621224462985992
1.0053822660446168
1.0280236613750457
0.9920315504074096
1.0902612447738647
1.0483371257781982
0.9919707751274109
1.0557278156280518
1.0253941369056703
1.029960228204727
0.9976482284069061
1.0093818080425263
1.085190192461014
1.0471582663059236
1.0224684691429138
1.0551604115962983
1.018611913919449
1.073709053993225
1.0343576395511627
1.0517864513397217
1.040230997800827
1.0541975057125093
1.0365403234958648
1.0507967376708984
0.9875965201854706
1.0580447697639466
1.0895215451717377
1.0131532037258149
1.0668420267105103
1.0492211925983428
1.0312037694454192
0.9876597404479981
0.9925376546382904
1.0578626561164857
1.071284260749817
1.0254121565818786
0.9843087077140809
1.0821211767196655
1.0216666460037231
1.0671108973026275
1.0410497510433196
1.0569338774681092
1.0151399600505828
1.005152668952942
1.0131289434432984
1.000631422996521
1.030977885723114
1.0021352064609528
1.1366979789733886
1.02299161195755
1.0661545073986054
1.0451389288902282
1.0583316481113434
1.0530828762054443
1.0558376836776733
1.0700648725032806
1.0363785457611083
1.0469837248325349
0.9859712851047516
1.0169171166419984
