2.4866481828689575
2.442622103691101
2.4317082929611207
2.423308401107788
2.4486506271362303
2.481961660385132
2.4340293836593627
2.4181118202209473
2.421052622795105
2.397666697502136
2.4132169818878175
2.4342946577072144
2.4187018489837646
2.3979174995422365
2.433384494781494
2.443980736732483
2.44401535987854
2.452897605895996
2.4391595315933228
2.4430979347229003
2.425957727432251
2.442199273109436
2.4259681034088136
2.4170698499679566
2.4164761877059937
2.428985986709595
2.4456612730026244
2.4289302110671995
2.402527937889099
2.456236734390259
2.4295422983169557
2.442578272819519
2.4323659229278562
2.4149055671691895
2.4272024869918822
2.438222894668579
2.4591477370262145
2.417063069343567
2.45212854385376
2.4202327156066894
2.418245334625244
2.4540390014648437
2.4285262393951417
2.4313173151016234
2.490582575798035
2.411392803192139
2.3867016363143922
2.432179317474365
2.4642698097229006
2.4485092115402223
2.458706202507019
2.3985909461975097
2.386856446266174
2.4551476573944093
2.3994605588912963
2.4586778688430786
2.4262684106826784
2.390131130218506
2.435021595954895
2.4338552713394166
2.414486970901489
2.4493710517883303
2.418889389038086
2.4294776105880738
2.4141444110870363
2.407991337776184
2.4242922019958497
2.4237600898742677
2.4015815687179565
2.4045409107208253
2.3869729614257813
2.418292226791382
2.381684160232544
2.4252641439437865
2.436832184791565
2.4346224164962766
2.421933641433716
2.4300776386260985
2.445890340805054
2.4333705949783324
2.433126697540283
2.4083309030532836
2.420546569824219
2.4039241600036623
2.4659763526916505
2.446480369567871
2.4153303623199465
2.4045432901382444
2.4780063676834105
2.3931286478042604
2.4553477334976197
2.4004687452316285
2.4429432010650634
2.4206736707687377
2.4508919954299926
2.41969744682312
2.4280705642700195
2.454213271141052
2.446214518547058
2.390700168609619
2.466478729248047
2.4053988218307496
2.4267738389968874
2.4448457050323484
2.438598327636719
2.460189380645752
2.4103028202056884
2.4240512800216676
2.4739285707473755
2.4158131074905396
2.4569536781311037
2.410812773704529
2.437275652885437
2.442680196762085
2.4394904804229736
2.48547438621521
2.437217936515808
2.426681122779846
2.414746422767639
2.449083046913147
2.47255425453186
2.4286143016815185
2.4537804746627807
2.467192711830139
2.4622592878341676
2.4412317943572996
2.483959970474243
2.437063798904419
2.476749176979065
2.394998826980591
2.450078248977661
2.452857313156128
2.527805862426758
2.431228959560394
2.462481126785278
2.4223283910751343
2.4579855251312255
2.446685676574707
2.476572299003601
2.4711203289031984
2.427993655204773
2.4904039907455444
2.4499151515960693
2.460020341873169
2.448134174346924
2.4857619857788085
2.4964843702316286
2.4609184646606446
2.4907330513000487
2.4729791927337645
2.4737056016922
2.4648424673080442
2.508119854927063
2.4467531204223634
2.455480489730835
2.478223557472229
2.499297270774841
2.472010655403137
2.482416772842407
2.4483927726745605
2.4678447818756104
2.4431971216201784
2.4858685541152954
2.455325222015381
2.469608073234558
2.4593198347091674
2.433320550918579
2.509281191825867
2.455271863937378
2.489076352119446
2.4758816051483152
2.521477155685425
2.472092080116272
2.5058543920516967
2.4578572273254395
2.479506492614746
2.477492594718933
2.502761096954346
2.4283109426498415
2.5593583154678345
2.4791043424606323
2.455655598640442
2.4724656391143798
2.506394124031067
2.484824743270874
2.4414905214309695
2.4860488319396974
2.46437216758728
2.4311947345733644
2.4757637691497805
2.4421612787246705
2.5018160057067873
2.435816836357117
2.4610398864746093
2.512841362953186
2.459900641441345
2.516436104774475
2.515545859336853
2.457343759536743
2.508113884925842
2.4778636693954468
2.4416223192214965
2.483966279029846
2.492599892616272
2.4827783727645873
2.497728786468506
2.491580367088318
2.4566474199295043
2.4832971334457397
2.4822445154190063
2.4548058891296387
2.467538523674011
2.513587918281555
2.496587190628052
2.481601843833923
2.4523034048080445
2.5187035846710204
2.470352735519409
2.496703233718872
2.51331157207489
2.458886547088623
2.472329182624817
2.465254058837891
2.4896438694000245
2.4920410823822023
2.4671082353591918
2.5144966411590577
2.5195774745941164
2.5503315353393554
2.4655386304855345
2.4910222768783568
2.471013011932373
2.526696791648865
2.463335437774658
2.4987639951705933
2.491415820121765
2.5685319757461547
2.527759895324707
2.4780971574783326
2.520524516105652
2.485006914138794
2.527122106552124
2.489799795150757
2.5052556705474855
2.4921818780899048
2.477665605545044
2.506806950569153
2.503988389968872
2.5179524326324465
2.5147538423538207
2.5354632043838503
2.431383295059204
2.4877510929107665
2.498173460960388
2.483368921279907
2.5058769845962523
2.467368597984314
2.489526228904724
2.5027274465560914
2.466116361618042
2.518522229194641
2.528330545425415
2.528081955909729
2.5039614248275757
2.471041283607483
2.5173171067237856
2.4816785573959352
2.5496091556549074
2.541100792884827
2.5204545640945435
2.5080878257751467
2.5155374336242677
2.488191494941711
2.4646680688858034
2.4769088554382326
2.5112056064605714
2.5467864418029786
2.5456366443634035
2.503534712791443
2.519246335029602
2.5236683559417723
2.4750705575942993
2.5101617336273194
2.5284250164031983
2.5438343906402587
2.5033266830444334
2.5116843128204347
2.497216668128967
2.494366755485535
2.4796630573272704
2.511986017227173
2.4941089010238646
2.4802009868621826
2.461818604469299
2.545817494392395
2.5118216133117675
2.526107931137085
2.4647498512268067
2.5074243688583375
2.492397179603577
2.524295506477356
2.480190315246582
2.515333490371704
2.4889532709121704
2.490823678970337
2.4903892278671265
2.4915470027923585
2.5347225046157837
2.491597599983215
2.56155415058136
2.4863569498062135
2.513207859992981
2.509808688163757
2.5255218839645384
2.5194878911972047
2.5257243967056273
2.545234479904175
2.498528633117676
2.513013868331909
2.5361458253860474
2.5535066890716553
2.5182694005966186
2.5191510629653933
2.511357169151306
2.496287407875061
2.5382219409942626
2.506496386528015
2.512284994125366
2.5921157693862913
2.536119222640991
2.558253512382507
2.483932890892029
2.50830117225647
2.4698445081710814
2.50866614818573
2.5215379333496095
2.5393643188476562
2.5085231113433837
2.477954559326172
2.5583220815658567
2.5085836172103884
2.556326823234558
2.5295922327041627
2.542409281730652
2.544003863334656
2.500705132484436
2.4636580181121825
2.508585534095764
2.506105313301086
2.541238627433777
2.5268009233474733
2.525105690956116
2.4896589517593384
2.500225348472595
2.5532404375076294
2.4823954582214354
2.5216323280334474
2.5172852420806886
2.4698448038101195
2.5268900775909424
2.4925726795196534
2.5114810991287233
2.525715665817261
2.5422365856170654
2.497275400161743
2.505076847076416
2.537652988433838
2.481065902709961
2.478907165527344
2.506337909698486
2.5357172441482545
2.515040249824524
2.5615943098068237
2.497538685798645
2.5400223684310914
2.4973282384872437
2.496686091423035
2.5413516330718995
2.508226442337036
2.532979030609131
2.535439648628235
2.444872760772705
2.533782887458801
2.5200116300582884
2.537131733894348
2.513113651275635
2.5459971237182617
2.5268256664276123
2.536525764465332
2.500561208724976
2.5585641622543336
2.5350497579574585
2.5311169052124023
2.5060322093963623
2.5139465284347535
2.5606439304351807
2.5630533266067506
2.5194969606399535
2.5043095779418945
2.512861614227295
2.570923185348511
2.499942145347595
2.528526554107666
2.4654156732559205
2.5392603969573972
2.4657267999649046
2.514083156585693
2.537794442176819
2.545279231071472
2.4904255723953246
2.5464422941207885
2.5270893573760986
2.5043501377105715
2.5295736169815064
2.5201712226867676
2.5055222034454347
2.5366481924057007
2.497109127044678
2.536200852394104
2.462921371459961
2.5318000221252444
2.533435888290405
2.5535444259643554
2.49750057220459
2.495371313095093
2.5292237281799315
2.50317325592041
2.534693145751953
2.5174468564987182
2.514698934555054
2.4852328968048094
2.521447148323059
2.528742570877075
2.5394883298873903
2.557665104866028
2.554480447769165
2.512097635269165
2.519462265968323
2.4776766443252565
2.5348764991760255
2.4861889123916625
2.522428579330444
2.4773968029022218
2.5539265871047974
2.5333262205123903
2.514340891838074
2.503914704322815
2.5105874490737916
2.5357324171066282
2.52978280544281
2.4866160774230956
2.552951717376709
2.529293622970581
2.5111185836791994
2.565007963180542
2.5770696210861206
2.5671431159973146
2.547785782814026
2.4873191213607786
2.534043564796448
2.4885695362091065
2.527638511657715
2.5038581705093383
2.4732679319381714
2.4773921537399293
2.5307306241989136
2.5596795988082888
2.52888117313385
2.5212519550323487
2.5584268236160277
2.5089125871658324
2.5323266696929934
2.5264807415008543
2.561945023536682
2.5093365859985353
2.5807824611663817
2.5141784715652467
2.5384411239624023
2.5259884119033815
2.555139183998108
2.5254929733276366
2.5309242630004882
2.5686397457122805
2.5130646562576295
2.5543708658218383
2.5333397245407103
2.513345799446106
2.531604542732239
2.5253995561599734
2.5473165941238403
2.524305386543274
2.538226704597473
2.557700209617615
2.5414784574508666
2.564597096443176
2.5608655643463134
2.57662024974823
2.5483810329437255
2.550778570175171
2.518229060173035
2.5341473054885864
2.491629981994629
2.4842257595062254
2.5567260503768923
2.534619483947754
2.5560685873031614
2.53199875831604
2.4895843362808225
2.513135895729065
2.583596305847168
2.5141558170318605
2.564642629623413
2.5572850418090822
2.541003050804138
2.5895096683502197
2.5681342315673827
2.5264098548889162
2.512367444038391
2.5406874895095823
2.475820474624634
2.5182105445861818
2.532899785041809
2.5331776571273803
2.5653278684616088
2.507221508026123
2.5263046503067015
2.5878714084625245
2.5844304037094115
2.4974801778793334
2.545620460510254
2.540351619720459
2.5056799840927124
2.5403302097320557
2.571771306991577
2.528578643798828
2.514432601928711
2.5123116159439087
2.5263789749145507
2.4835850906372072
2.526678218841553
2.5617505931854248
2.5812511897087096
2.560250425338745
2.572619333267212
2.5492621660232544
2.5742206811904906
2.559387183189392
2.5896872091293335
2.5738234090805054
2.5485882472991945
2.528336215019226
2.61656316280365
2.5170940828323363
2.5244530725479124
2.5285605907440187
2.530061612129211
2.4919261646270754
2.519181489944458
2.5917633247375487
2.521280517578125
2.5635428428649902
2.5384233379364014
2.5263060092926026
2.540621781349182
2.586737384796143
2.547990670204163
2.594536638259888
2.5483353900909425
2.610338878631592
2.536042718887329
2.563438239097595
2.514914798736572
2.5155385541915893
2.5086105918884276
2.5325732040405273
2.530678071975708
2.5144699096679686
2.56545147895813
2.539211940765381
2.5712610483169556
2.5656420040130614
2.528124713897705
2.4961718845367433
2.5072504234313966
2.5325891637802123
2.5152000188827515
2.5150443744659423
2.5344283819198608
2.512977523803711
2.5111382818222046
2.5237403678894044
2.559101538658142
2.5173250675201415
2.517462568283081
2.53226496219635
2.5947699546813965
2.5120397090911863
2.5549363231658937
2.5752727079391478
2.5641322565078735
2.528048315048218
2.528710799217224
2.522860498428345
2.543208599090576
2.5183652782440187
2.5453884029388427
2.509559144973755
2.5431201362609865
2.488689432144165
2.5741566801071167
2.5944031572341917
2.5380766725540163
2.5314920854568483
2.5492161321640014
2.56238573551178
2.5917184782028198
2.5496602487564086
2.529484901428223
2.5390259265899657
2.50496768951416
2.519901404380798
2.6346059036254883
2.5686873722076418
2.5366971349716185
2.5121976137161255
2.549054141044617
2.5251186323165893
2.5475639486312867
2.5525195026397705
2.5007409858703613
2.561331419944763
2.5443681287765503
2.5372271966934203
2.563146963119507
2.5482207345962524
2.521205186843872
2.5600677967071532
2.540255699157715
2.580581827163696
2.5586314487457273
2.562973861694336
2.541577072143555
2.6290224266052244
2.480440630912781
2.548033299446106
2.5500121402740477
2.5497240161895753
2.588360381126404
2.5346769380569456
2.5329194021224977
2.5749094438552858
2.557912974357605
2.5711147785186768
2.539815707206726
2.5856346702575683
2.4823073530197144
2.5380092573165896
2.5567658281326295
2.5474669122695923
2.5100676822662353
2.541369905471802
2.5293338012695314
2.5786379766464234
2.5477200317382813
2.5655338621139525
2.5954992818832396
2.497270679473877
2.5128143644332885
2.5236541509628294
2.5552263593673707
2.600561246871948
2.589171051979065
2.5296671342849733
2.5162502193450926
2.4614920473098754
2.595699734687805
2.5355552053451538
2.5441370105743406
2.522263054847717
2.496339349746704
2.534662404060364
2.4898130178451536
2.5308776473999024
2.5429840803146364
2.5723013162612913
2.5693304252624514
2.5813776779174806
2.4892676734924315
2.5442582607269286
2.562976098060608
2.57836971282959
2.5845293378829957
2.549652156829834
2.533697166442871
2.548711242675781
2.5323969173431395
2.541776328086853
2.577593984603882
2.519757513999939
2.5288984394073486
2.548739695549011
2.5423935890197753
2.528788604736328
2.555581097602844
2.5460226154327392
2.564037437438965
2.5181412649154664
2.5689607572555544
2.558548593521118
2.5755039405822755
2.537697582244873
2.559108934402466
2.5022607374191286
2.6076795482635498
2.572756633758545
2.558526086807251
2.530759434700012
2.5594084787368776
2.5639480113983155
2.537933659553528
2.5955300760269164
2.5307642936706545
2.5646682214736938
2.5830186367034913
2.539453444480896
2.5499148750305176
2.586845808029175
2.580926628112793
2.574253168106079
2.5651412487030028
2.5863437461853027
2.563170189857483
2.5432238817214965
2.556412892341614
2.5236446475982666
2.543240661621094
2.5027793312072752
2.5856404161453246
2.4993370819091796
2.5459726428985596
2.5335399532318115
2.520467829704285
2.5379583501815794
2.5223387479782104
2.58272762298584
2.499730639457703
2.560878105163574
2.5290930557250975
2.5456475591659546
2.571695098876953
2.468351435661316
2.5479512214660645
2.5465044260025023
2.5344315814971923
2.604985446929932
2.5895603132247924
2.5509477853775024
2.5747456550598145
2.592121806144714
2.631738295555115
2.5288179397583006
2.567950100898743
2.5560021114349367
2.573213381767273
2.534526753425598
2.5462798500061035
2.546309022903442
2.5415221500396727
2.5301021909713746
2.580233554840088
2.5315432929992676
2.5133068895339967
2.5280752611160278
2.514482650756836
2.4887255477905272
2.5593544340133665
2.572234148979187
2.5382162523269653
2.54045334815979
2.5689058542251586
2.5236210680007933
2.524670786857605
2.578211784362793
2.532517375946045
2.5046751260757447
2.5469918203353883
2.5181752681732177
2.565866856575012
2.525129351615906
2.584638686180115
2.619758439064026
2.6015890502929686
2.5326723623275758
2.549576134681702
2.55438362121582
2.559394760131836
2.625310807228088
2.555334129333496
2.537962589263916
2.5786725521087646
2.5657505702972414
2.597313027381897
2.5402429819107057
2.5945350170135497
2.5534197092056274
2.5645940589904783
2.592278537750244
2.5084731435775756
2.5510403537750244
2.564830665588379
2.5297742462158204
2.5378424596786497
2.5322449731826784
2.591555743217468
2.583319692611694
2.5503809022903443
3.0174196052551268
2.552566499710083
2.554645743370056
2.622473735809326
2.536966233253479
2.5423458194732667
2.5707910299301147
2.5510827255249025
2.5871624755859375
2.5452435350418092
2.518977699279785
2.4788392162323
2.494326877593994
2.539104070663452
2.511798858642578
2.572390537261963
2.587323775291443
2.555412015914917
2.5380550146102907
2.536313257217407
2.510640735626221
2.5434916543960573
2.562044630050659
2.53545578956604
2.505499658584595
2.560026330947876
2.5317560911178587
2.514714069366455
2.526767225265503
2.525740957260132
2.552497606277466
2.588357915878296
2.5454688453674317
2.635534143447876
2.553563270568848
2.5289297246932985
2.531363677978516
2.500683069229126
2.55263708114624
2.568117594718933
2.5245832872390745
2.5548680782318116
2.5169781017303468
2.5702167844772337
2.5335460805892946
2.5286765098571777
2.5111049222946167
2.4984264898300172
2.552702326774597
2.5851202821731567
2.554898567199707
2.5777353954315188
2.5652427673339844
2.543393111228943
2.5710349178314207
2.5202711915969847
2.5360986232757567
2.5482937145233153
2.545114450454712
2.5297205781936647
2.517819085121155
2.522751770019531
2.5493718957901
2.602889590263367
2.5347714614868164
2.550889320373535
2.53683678150177
2.5224336862564085
2.5484772682189942
2.58210515499115
2.5088394117355346
2.5401907062530515
2.5486321306228636
2.57525728225708
2.589120855331421
2.539767818450928
2.5125743532180786
2.5525696086883545
2.531312875747681
2.5682141542434693
2.5592138242721556
2.602990527153015
2.559148645401001
2.5429064655303955
2.6142272043228147
2.5134386110305784
2.555656042098999
2.5960968542099
2.526328625679016
2.582003769874573
2.5315865230560304
2.586627554893494
2.5426772928237913
2.5104423141479493
2.5977355432510376
2.5337776517868043
2.5894837522506715
2.5727659702301025
2.5201721000671387
2.5047715663909913
2.5474622011184693
2.5792169618606566
2.538151936531067
2.50852499961853
2.55604218006134
2.601762642860413
2.590233187675476
2.5826986169815065
2.5552400159835815
2.546954026222229
2.5715783834457397
2.5279417705535887
2.549822659492493
2.531795563697815
2.5857870244979857
2.599946928024292
2.5260443592071535
2.526737380027771
2.5246283483505247
2.5626049709320067
2.542484149932861
2.562430591583252
2.5649948787689207
2.515988492965698
2.5712276554107665
2.508523621559143
2.5469968700408936
2.545430288314819
2.5398551845550537
2.6264735984802248
2.58612606048584
2.520131731033325
2.5508470058441164
2.5776116943359373
2.554430685043335
2.539978175163269
2.5754065132141113
2.5806931829452515
2.5781507778167723
2.5235604429244995
2.537180986404419
2.5166962051391604
2.607924699783325
2.5606912755966187
2.5491352701187133
2.583005261421204
2.587654528617859
2.5749610471725464
2.5101593017578123
2.533309063911438
2.5530553340911863
2.5576075315475464
2.5369098138809205
2.555543293952942
2.566627016067505
2.544813199043274
2.5434642124176023
2.5653011560440064
2.5492111825942994
2.600457878112793
2.5549457263946533
2.635202932357788
2.548259711265564
2.5259239196777346
2.5548717164993286
2.5783893156051634
2.54838680267334
2.542689528465271
2.547250123023987
2.5893850803375242
2.559218955039978
2.4851262378692627
2.5588170146942137
2.5681127595901487
2.5613120889663694
2.5247087049484254
2.5313088941574096
