0.6863008284568787
0.668961039185524
0.672798136472702
0.668466967344284
0.6766301810741424
0.6955064702033996
0.6732859522104263
0.6813331866264343
0.6881279265880584
0.6822960340976715
0.6736933207511902
0.6816230893135071
0.693433153629303
0.6663066107034683
0.6916128021478652
0.6731483852863311
0.6653081411123276
0.6632772892713547
0.6955124670267105
0.6838819813728333
0.6724560272693634
0.6902644300460815
0.6746581381559372
0.6790871143341064
0.6810149717330932
0.6884620326757431
0.68961885035038
0.6771811270713806
0.6897086799144745
0.668025324344635
0.6861840385198593
0.6791524755954742
0.697521733045578
0.6859285211563111
0.691138699054718
0.6843121731281281
0.6983710491657257
0.6941755473613739
0.6875567138195038
0.691536238193512
0.6781845128536225
0.6994529139995574
0.6921208810806274
0.6838363319635391
0.7050285160541534
0.6787591528892517
0.6918476510047913
0.6804310685396194
0.6939692199230194
0.6836839544773102
0.6948502254486084
0.6768981778621673
0.6899755787849426
0.6765221250057221
0.703272819519043
0.6899094152450561
0.6883070588111877
0.6878592228889465
0.7013654506206513
0.6751948285102845
0.7070017135143281
0.6986708694696426
0.7091532409191131
0.6987598133087158
0.6982262456417083
0.6935323923826218
0.7170676207542419
0.7032387018203735
0.695482256412506
0.6864738965034485
0.6880076563358307
0.7040225625038147
0.7016436243057251
0.7115931034088134
0.6989655369520187
0.703207643032074
0.7044218385219574
0.7020384228229523
0.7008293247222901
0.6917140543460846
0.7101622116565705
0.7017927777767181
0.6939092934131622
0.706512907743454
0.6918174850940705
0.7039897775650025
0.7021037328243256
0.7079047524929046
0.7134632492065429
0.7035838055610657
0.7054960596561431
0.7085700035095215
0.694900940656662
0.7002394187450409
0.7022648811340332
0.7110453498363495
0.6965360283851624
0.7103069055080414
0.6960444837808609
0.6934695625305176
0.7044885110855102
0.693006100654602
0.6989267790317535
0.7087288248538971
0.6958596467971802
0.7004745829105378
0.70821542263031
0.6918257892131805
0.6923344898223877
0.7130518662929535
0.7070244789123535
0.7115755403041839
0.7042938899993897
0.6769042587280274
0.7096874976158142
0.6930345690250397
0.7094265687465667
0.7081743383407593
0.6836569452285767
0.7031788218021393
0.6928862428665161
0.7089501559734345
0.6983176326751709
0.7007537794113159
0.7064081430435181
0.7154945170879364
0.6988430035114288
0.6996223247051239
0.7113087606430054
0.7041271996498107
0.7072432458400726
0.7163694143295288
0.7060388731956482
0.6932328701019287
0.7033491194248199
0.7079655075073242
0.7132286906242371
0.7095145976543427
0.7077828168869018
0.697677013874054
0.7074077451229095
0.7032578814029694
0.7130333769321442
0.7083462369441986
0.7093960857391357
0.7161093866825103
0.691120982170105
0.694495130777359
0.709002240896225
0.6944158959388733
0.6943598115444183
0.7030496418476104
0.7019071233272552
0.7005765378475189
0.7015010368824005
0.686832628250122
0.7133099627494812
0.7050113570690155
0.7009043681621552
0.7108583617210388
0.6956352281570435
0.7028867268562317
0.7077688789367675
0.7019284033775329
0.6962532866001129
0.6863869571685791
0.6974922406673432
0.7125335121154786
0.7083757483959198
0.7073529779911041
0.693391045331955
0.7081450664997101
0.7034084725379944
0.7051540875434875
0.690330777168274
0.698996239900589
0.7075705873966217
0.6943712943792343
0.689067941904068
0.7021608650684357
0.7066481149196625
0.7008029437065124
0.7010519742965698
0.7132528114318848
0.6943510794639587
0.7024794864654541
0.6959632468223572
0.709573472738266
0.6946532011032105
0.6932475590705871
0.706641457080841
0.7030110001564026
0.6993668782711029
0.701988228559494
0.6918392777442932
0.7064499700069428
0.6998570382595062
0.7007620966434479
0.6868581676483154
0.6965507125854492
0.6988128423690796
0.6837180984020234
0.7001381576061249
0.6976935505867005
0.6963417434692383
0.6904963946342468
0.6922053182125092
0.6929410660266876
0.6993565773963928
0.6939052307605743
0.7048724353313446
0.696785362958908
0.7149173855781555
0.7123491358757019
0.6999520587921143
0.7056186771392823
0.6980898070335388
0.7153186464309692
0.6966850697994232
0.6963025844097137
0.6979788398742676
0.6936524319648742
0.6965144038200378
0.6868595230579376
0.6905774867534638
0.7048409640789032
0.6906774115562438
0.6951144981384277
0.6995539259910584
0.7043799161911011
0.698108640909195
0.6980468130111694
0.6991972267627716
0.6839047455787659
0.7042273855209351
0.6972775340080262
0.6862625563144684
0.680474327802658
0.7076209437847137
0.6884502983093261
0.6973051738739013
0.6960222280025482
0.6752554738521576
0.6849687039852143
0.6960062611103058
0.6950052666664124
0.6941578149795532
0.7053440248966217
0.6980483782291412
0.7131434535980224
0.6958972561359406
0.7055476319789886
0.7062965977191925
0.6951326787471771
0.703025267124176
0.6870218694210053
0.6964972913265228
0.7044269609451294
0.6911255979537964
0.7024632382392884
0.6924195086956024
0.702686265707016
0.707499977350235
0.697330720424652
0.6954946517944336
0.6874350798130036
0.699436411857605
0.6931604945659637
0.7046375393867492
0.7079020285606384
0.6964525723457337
0.6792372155189514
0.6985311949253082
0.6819283413887024
0.6947684729099274
0.7122863745689392
0.7094804239273071
0.6989826774597168
0.7027916622161865
0.7118591797351838
0.6944516801834106
0.6913029849529266
0.70749906539917
0.694768122434616
0.7001642215251923
0.698920761346817
0.7013890528678894
0.6948145341873169
0.7040179014205933
0.6939073657989502
0.6853860473632812
0.7055192160606384
0.6826332497596741
0.6901980936527252
0.6917723619937897
0.6963729810714722
0.7077786934375763
0.7039831876754761
0.6990930938720703
0.7068120503425598
0.700462281703949
0.6837887871265411
0.6954258418083191
0.6955369973182678
0.706575608253479
0.7005257511138916
0.7019741880893707
0.6914556515216828
0.6957113254070282
0.6970482409000397
0.698646981716156
0.7122631824016571
0.6956485939025879
0.6925005340576171
0.694615032672882
0.7104976940155029
0.6966608905792236
0.7023937356472015
0.7046900308132171
0.7013570439815521
0.6991869723796844
0.6920139610767364
0.7101697981357574
0.7095312035083771
0.6956451344490051
0.7075826275348663
0.7022425329685211
0.7000669288635254
0.6983311641216278
0.6979991853237152
0.6890418505668641
0.7029768598079681
0.6857921671867371
0.6772914528846741
0.6923224532604217
0.6875626814365386
0.6887475907802582
0.6737421035766602
0.697683697938919
0.6995556056499481
0.6802268505096436
0.692526775598526
0.6918247020244599
0.7024197375774384
0.6876681733131409
0.6899936974048615
0.6924177181720733
0.681855217218399
0.7054731750488281
0.7095136749744415
0.6843352961540222
0.6938697338104248
0.6982339107990265
0.6907876873016358
0.6949335134029389
0.6973343718051911
0.6942799699306488
0.702705203294754
0.6928928756713867
0.7001502275466919
0.6983881402015686
0.6859382379055023
0.6965580177307129
0.7086172318458557
0.6968711602687836
0.702742087841034
0.7055592846870422
0.7036342763900757
0.6873124384880066
0.6813428628444672
0.6949767029285431
0.6988888001441955
0.7047500872611999
0.7005842256546021
0.6943433773517609
0.6940978264808655
0.6908896315097809
0.7039831161499024
0.691757709980011
0.6960542893409729
0.6953348743915558
0.6975106382369995
0.6921073961257934
0.6909512889385223
0.6981080591678619
0.6899155962467194
0.6963399720191955
0.6860990595817565
0.6969166243076325
0.6945867764949799
0.7080505025386811
0.6983301639556885
0.6957050371170044
0.7066463327407837
0.6967353892326354
0.7051022934913636
0.6967832291126251
0.6880868935585022
0.6998331141471863
0.7067050528526306
0.6860521304607391
0.6899905121326446
0.6965665972232818
0.6971970689296723
0.6928073930740356
0.6855351293087005
0.7053385746479034
0.686242014169693
0.6819866025447845
0.6934157693386078
0.685925931930542
0.6837852501869202
0.7030336046218872
0.6943192100524902
0.7108071076869965
0.6982108616828918
0.6973851072788239
0.6842720240354538
0.6919457471370697
0.6893363475799561
0.700792897939682
0.6978722655773163
0.7033855140209198
0.6956020545959473
0.6710160732269287
0.6978894662857056
0.6989820063114166
0.7042058491706848
0.6923061573505401
0.6885634052753449
0.6967709326744079
0.6923341166973114
0.6851796448230744
0.6942064261436462
0.6943468940258026
0.6981578505039215
0.697549786567688
0.683099797964096
0.6953607034683228
0.6941341209411621
0.6989668488502503
0.6971275532245635
0.7029625427722931
0.7020857214927674
0.6957801675796509
0.6875202298164368
0.6939827859401703
0.6969210505485535
0.6890198504924774
0.6874973022937775
0.6890973973274231
0.6930150508880615
0.6864690589904785
0.6888239693641662
0.6826511812210083
0.684011265039444
0.692457171678543
0.6794425821304322
0.7097023594379425
0.6873256766796112
0.6879620933532715
0.6927015674114227
0.6795900404453278
0.6918416357040406
0.6961358535289764
0.6958994174003601
0.690364910364151
0.7028317511081695
0.6942749059200287
0.6896822679042817
0.6864537417888641
0.6968746364116669
0.7015145289897918
0.6901550054550171
0.6971909868717193
0.6884768104553223
0.6866483664512635
0.6971918714046478
0.6852440130710602
0.6920075309276581
0.6830390191078186
0.6929495549201965
0.6950597357749939
0.6783331799507141
0.6807334065437317
0.6938084244728089
0.6891994953155518
0.6977265024185181
0.69460444688797
0.6841127693653106
0.6946884620189667
0.6873155403137207
0.6937301695346832
0.7076487076282502
0.6922114062309265
0.6808641266822815
0.6859837865829468
0.6963390684127808
0.6952606463432311
0.6671932375431061
0.6738822972774505
0.6963345587253571
0.7078170239925384
0.6898419404029846
0.6981159901618957
0.7052814590930939
0.689561779499054
0.6909930437803269
0.6950686919689179
0.6862682831287384
0.6873553621768952
0.7112750935554505
0.6954324662685394
0.6930264031887055
0.6994142329692841
0.691070386171341
0.6832896053791047
0.704310518503189
0.6851021695137024
0.6979519927501678
0.7014671349525452
0.6827189218997955
0.688994493484497
0.6921699464321136
0.6782680928707123
0.6887396740913391
0.6837605702877044
0.6891592472791672
0.6772294056415558
0.677495629787445
0.6980484938621521
0.6926791071891785
0.6904741704463959
0.6965083086490631
0.6940530288219452
0.6897391211986542
0.7016030764579773
0.7022585988044738
0.6786887264251709
0.6982329308986663
0.6930664193630218
0.6859556877613068
0.6949907302856445
0.686048549413681
0.6851179838180542
0.6984020519256592
0.6914497017860413
0.6739922595024109
0.6991797399520874
0.675971497297287
0.6928524708747864
0.69241295337677
0.6961020600795745
0.6898581814765931
0.6870495986938476
0.7110133147239686
0.6974518758058548
0.6904944479465485
0.7030841612815857
0.7025291609764099
0.691348215341568
0.6921070230007171
0.7005046617984771
0.6959721946716309
0.6755659234523773
0.6884899365901948
0.7005901384353638
0.6948277485370636
0.6877194941043854
0.688666170835495
0.6982796728610993
0.6919378006458282
0.6831286728382111
0.6846613848209381
0.6848000025749207
0.7013084542751312
0.6883401679992676
0.68513263463974
0.7071291542053223
0.6916932022571564
0.6896687710285186
0.6873340272903442
0.6975874018669128
0.7090404629707336
0.6891728889942169
0.6974689137935638
0.7002945828437805
0.6831178605556488
0.704365473985672
0.6923244106769562
0.6909553480148315
0.6832952296733856
0.6996772122383118
0.6916136753559112
0.6806304216384887
0.6877756488323211
0.6819675505161286
0.6950014352798461
0.6809594643115997
0.6885391545295715
0.6773568427562714
0.6824193108081817
0.6857542061805725
0.6907847797870637
0.6869986701011658
0.693560186624527
0.6838608813285828
0.6813844609260559
0.6815488362312316
0.6941069781780242
0.700002418756485
0.6928029716014862
0.6781015038490296
0.6925407767295837
0.6805117952823639
0.675543509721756
0.7000097763538361
0.7017180860042572
0.6823540008068085
0.6886395478248596
0.6876736080646515
0.6853072369098663
0.6973736155033111
0.6859454011917114
0.687083603143692
0.675384030342102
0.6917902743816375
0.6856125271320344
0.6878062379360199
0.6968438351154327
0.6724803566932678
0.6956085979938507
0.6759246933460236
0.6896564304828644
0.6780090188980102
0.6822749102115631
0.6763060355186462
0.6916957604885101
0.680265109539032
0.6971236693859101
0.6847634446620942
0.683273583650589
0.6897032308578491
0.6796853590011597
0.6765423798561097
0.6925916147232055
0.6818366694450378
0.6825284600257874
0.6835385155677796
0.6899669778347015
0.6968283998966217
0.6818423461914063
0.6902322340011596
0.6944397926330567
0.6929766249656677
0.6919932246208191
0.6900200116634368
0.6908961272239685
0.6791470921039582
0.6838298738002777
0.6880055618286133
0.6928502762317658
0.6781276679039001
0.6781487226486206
0.6967056381702423
0.6838921010494232
0.6870123755931854
0.6858684313297272
0.6900345468521119
0.6861677944660187
0.6901012349128723
0.6793904435634613
0.6840899741649628
0.6947574365139008
0.6895061826705933
0.6783494579792023
0.6903348100185395
0.704357796907425
0.694481017589569
0.68589763879776
0.6811220240592957
0.6908990728855133
0.703042495250702
0.6941497325897217
0.7027752590179444
0.6822292244434357
0.6997384417057038
0.6700334393978119
0.7012862873077392
0.7025513243675232
0.6747322177886963
0.6883713185787201
0.6958262395858764
0.6856868207454682
0.6942050194740296
0.699285135269165
0.6856856608390808
0.6917742967605591
0.6960639131069183
0.6728991222381592
0.6858345890045165
0.6958364927768708
0.6971950256824493
0.6678275001049042
0.6830301189422607
0.6815317058563233
0.7006284701824188
0.6705753600597382
0.6827208280563355
0.6788914597034454
0.6938216698169708
0.6792013287544251
0.6776982796192169
0.7046429872512817
0.6940675210952759
0.6911282348632812
0.6865864467620849
0.6637758409976959
0.6876991581916809
0.6833792459964753
0.6896245419979096
0.677778924703598
0.6929716885089874
0.6830895066261291
0.7018484532833099
0.7055096566677094
0.6811832976341248
0.6850025391578675
0.6836388945579529
0.6726268601417541
0.7118921959400177
0.6845337116718292
0.6938820099830627
0.6919042646884919
0.663081636428833
0.6820277810096741
0.68348313331604
0.6936792457103729
0.6789367508888244
0.6852793967723847
0.6850642228126526
0.6715808880329132
0.6775523257255555
0.6851699256896973
0.7016499054431915
0.6801848328113556
0.687243903875351
0.6810992074012756
0.6926691913604737
0.6900824236869813
0.6936662483215332
0.6892450881004334
0.6857180559635162
0.6867703115940094
0.7000719118118286
0.694181934595108
0.6846833562850952
0.6737880027294159
0.6721543550491333
0.6770552349090576
0.6893979728221893
0.6808609867095947
0.689150453209877
0.6889243757724762
0.6882351517677308
0.6916069102287292
0.6977286410331726
0.6833649480342865
0.686571170091629
0.6825463080406189
0.6882567131519317
0.6912216651439667
0.686566926240921
0.6746937882900238
0.6777672779560089
0.6756955778598785
0.6837603461742401
0.6785150456428528
0.6854988944530487
0.6809831547737122
0.6801463651657105
0.6916875803470611
0.6967476165294647
0.6815224361419677
0.6995301556587219
0.6792851650714874
0.679129456281662
0.6830801081657409
0.6881251227855683
0.6791562843322754
0.6926091504096985
0.6780043292045593
0.6744492077827453
0.6936074197292328
0.6866295623779297
0.6908752191066742
0.6876950538158417
0.6969512498378754
0.6862171161174774
0.6746909821033478
0.6924507427215576
0.695178781747818
0.7000776863098145
0.6803108215332031
0.6908091080188751
0.6961536300182343
0.6708137309551239
0.6901361262798309
0.6844092893600464
0.685215049982071
0.6820305597782135
0.6740222716331482
0.6881258904933929
0.6964154517650605
0.6823598682880402
0.6790587198734284
0.6950532948970795
0.6900999462604522
0.6951194405555725
0.6875608563423157
0.6879098999500275
0.6916449439525604
0.6857570552825928
0.6874510037899018
0.6904243874549866
0.6884530341625213
0.6812089729309082
0.6911463248729706
0.6806967079639434
0.6925212967395783
0.6877310419082642
0.6823765408992767
0.6634565567970276
0.6779775452613831
0.6886250650882721
0.6936147046089173
0.6845747518539429
0.6783828353881836
0.6900199496746063
0.6884238553047181
0.6803523874282837
0.6850072002410889
0.6778423345088959
0.691341472864151
0.686069507598877
0.6861489045619965
0.6713821035623551
0.6838081765174866
0.6910026347637177
0.6781421494483948
0.6739447903633118
0.6718322455883026
0.687897982597351
0.6804202151298523
0.6828084886074066
0.6743733537197113
0.6965725564956665
0.7007203161716461
0.6865720474720001
0.6861077189445496
0.6947744870185852
0.684070247411728
0.6807827973365783
0.6980013263225555
0.6959083366394043
0.6816439819335938
0.683593760728836
0.6823619228601455
0.681198890209198
0.7040317845344544
0.6828904914855957
0.6866711843013763
0.6954044139385224
0.688755224943161
0.6924838471412659
0.6776424658298492
0.6922098076343537
0.6868472123146057
0.6915040493011475
0.6929722023010254
0.6921440267562866
0.6656016445159912
0.6901665115356446
0.6745251226425171
0.6809884011745453
0.6812155771255494
0.6796366274356842
0.6783354914188385
0.6993482482433319
0.6893635594844818
0.685801614522934
0.6882581436634063
0.6830363559722901
0.690155154466629
0.695131219625473
0.6886349391937255
0.6860748362541199
0.682220094203949
0.6882347130775451
0.6919395279884338
0.700109270811081
0.6976955485343933
0.683384382724762
0.6813648509979248
0.6902492308616638
0.6927203965187073
0.6878677880764008
0.6955502462387085
0.680786292552948
0.6881637072563171
0.6769063913822174
0.6948365366458893
0.6745038104057312
0.7065049827098846
0.683288391828537
0.6824051189422607
0.6859829664230347
0.6926706051826477
0.6828062677383423
0.6791425728797913
0.6985681617259979
0.6762361609935761
0.6869047820568085
0.6793890798091888
0.6815483796596528
0.6876182949542999
0.6839107537269592
0.6892774939537049
0.6860130548477172
0.6834900546073913
0.6928412413597107
0.6664217400550843
0.6744640147686005
0.6785617208480835
0.6901938366889954
0.6806417381763459
0.6922406756877899
0.6869558918476105
0.6757333862781525
0.6899084174633026
0.6951584351062775
0.6827952218055725
0.6869144487380981
0.6822710609436036
0.6975837182998658
0.6849646747112275
0.6850656604766846
0.6825913381576538
0.6778710842132568
0.6890687656402588
0.677977796792984
0.6852303445339203
0.6840932166576386
0.675329555273056
0.6737906861305237
0.6986199188232421
0.6804924118518829
0.694341824054718
0.6869980359077453
0.6903819537162781
0.6953508484363556
0.6739202916622162
0.6891378378868103
0.6930304145812989
0.6873411905765533
0.6853051948547363
0.6904702246189117
0.705605411529541
0.6849295210838318
0.6877495896816254
0.6695713001489639
0.6672875761985779
0.6805517852306366
0.6919434976577759
0.681303551197052
0.6806283414363861
0.6913274717330933
0.6850827276706696
0.7029865038394928
0.6882477855682373
0.6851981651782989
0.6839374017715454
0.6901334917545319
0.6790792202949524
0.6880666100978852
0.6949232482910156
0.6805449855327607
0.6717635655403137
0.6976119148731231
0.6840686166286468
0.6858317756652832
0.6917846262454986
0.6817786729335785
0.6679559516906738
0.6917018353939056
0.6832493579387665
0.6909285986423492
0.6910085201263427
0.6822530269622803
0.6968113660812378
0.6871262633800507
0.6850374448299408
0.6794978535175323
0.6805941522121429
0.6875392520427703
0.6858061957359314
0.676193641424179
0.6949028384685516
0.6811281204223633
0.6836257600784301
0.6874691939353943
0.6762079966068267
0.6792575562000275
0.692564673423767
0.6909818875789643
0.6728092861175538
0.6776784539222718
0.6836041176319122
0.6778539896011353
0.6860764503479004
0.8371758043766022
0.6889708983898163
0.6667752134799957
0.6890484154224396
0.7023578906059265
0.7031485879421234
0.6878739595413208
0.6887571549415589
0.6820774042606353
0.6802097475528717
0.68604168176651
0.6886201679706574
0.6850107538700104
0.695587238073349
0.6988606452941895
0.691881343126297
0.6759045886993408
0.6854209172725677
0.6868820059299469
0.697289593219757
0.7097688055038452
0.6933300399780273
0.6932445740699769
0.6803918266296387
0.6967766201496124
0.6978777098655701
0.6893811416625977
0.6869226181507111
0.6852854001522064
0.6777585530281067
0.6811812210083008
0.6787312257289887
0.6964234602451325
0.6904951822757721
0.683483579158783
0.6963585770130157
0.6841991317272186
0.6710521817207337
0.6791748440265656
0.6830455362796783
0.6917914390563965
0.7038316130638123
0.6974196374416352
0.6823655915260315
0.690219988822937
0.6913691103458405
0.68816521525383
0.6873985230922699
0.6785474753379822
0.6796235311031341
0.6891448760032653
0.6916550087928772
0.6975937759876252
0.6863421058654785
0.6818440580368041
0.6850217568874359
0.6788186430931091
0.6713911831378937
0.6899977850914002
0.6944987118244171
0.68526575922966
0.6894754648208619
0.6862501525878906
0.6864091396331787
0.68833251953125
0.6936683762073517
0.7021554315090179
0.6874607884883881
0.6819470632076263
0.6868529796600342
0.6895663499832153
0.6939473450183868
0.6861171650886536
0.6929359495639801
0.6872663521766662
0.6998504292964935
0.6868734693527222
0.6946641516685486
0.6867173147201538
0.6767875552177429
0.6946763813495636
0.688294986486435
0.6815562343597412
0.6809908497333527
0.6966328573226929
0.6771583890914917
0.6926317858695984
0.7075367259979248
0.6844383323192597
0.6891881775856018
0.6865474164485932
0.7088838827610016
0.6950844824314117
0.6855617225170135
0.6829825520515442
0.6667634665966033
0.6805610394477845
0.6994384372234345
0.6855041790008545
0.6915573859214783
0.6957488179206848
0.6950503182411194
0.7066922509670257
0.6829888033866882
0.6823487854003907
0.6874171054363251
0.6934180879592895
0.6689404881000519
0.701754709482193
0.7002632915973663
0.701980299949646
0.676218091249466
0.6863735592365265
0.6791912114620209
0.6847040188312531
0.6923807179927826
0.6857813584804535
0.6766646158695221
0.6794746482372284
0.69453932762146
0.677275573015213
0.6801337230205536
0.6925142800807953
0.6929294645786286
0.6844464367628098
0.678475524187088
0.6720022404193878
0.6930262851715088
0.6980725657939911
0.68577770113945
0.6850188910961151
0.6831084084510803
0.6813130331039429
0.6828379952907562
0.678473778963089
0.6955310952663422
0.6985790061950684
0.6759006285667419
0.6752548813819885
0.6836841827630997
0.6878205108642578
0.690481413602829
0.6809317576885223
0.6785236275196076
0.6753026580810547
0.6925545966625214
0.695363028049469
0.6830282330513
0.6856361556053162
0.691601254940033
0.6976568114757538
0.6976438295841217
0.691538724899292
0.6852298367023468
0.6928308343887329
0.6819796550273896
0.6896700644493103
0.6977426636219025
0.7054439008235931
0.6905478262901306
0.6960238778591156
0.6837479662895203
0.6872216391563416
0.682296941280365
0.6674144732952118
0.6918984127044677
0.6825183975696564
0.6716421735286713
0.6817522132396698
0.6877522504329682
0.6840412437915802
0.6770304989814758
0.6978038334846497
0.6751351845264435
0.6859322810173034
0.6861143946647644
0.6778419840335846
0.6625660681724548
0.6681699430942536
0.6813910484313965
0.6811956012248993
0.6904996752738952
0.6683449721336365
0.6858847594261169
0.6881203639507294
0.6997202956676483
0.69727783203125
0.6782476305961609
0.6885316646099091
0.6805262327194214
0.6849034082889557
0.6829434311389924
0.6878380191326141
0.6757531106472016
0.6707194423675538
0.6997533488273621
0.6867671334743499
0.6823875021934509
0.6919199216365814
0.6837049472332001
0.6881392157077789
0.678621381521225
0.6840008676052094
0.6958252203464508
0.6825151646137237
0.6906656324863434
0.6617087364196778
0.6928836381435395
0.6908344197273254
0.6904375267028808
0.6908237147331238
0.7036655819416047
0.6831857597827912
0.6970418763160705
0.700951828956604
0.6899020874500275
0.6861637222766876
0.6859384071826935
0.688033537864685
0.688810007572174
0.6846044778823852
0.6885911762714386
0.6935242938995362
0.6907773923873901
0.6875786435604095
0.6899724471569061
0.6888111126422882
0.7058598911762237
0.67390505194664
0.6898803007602692
0.6891868948936463
0.6818079018592834
0.6874158883094788
0.6912762987613678
0.6878234791755676
0.685959370136261
0.7009112608432769
0.6956774485111237
0.6931284856796265
0.6885072588920593
0.6811698079109192
0.6958452939987183
0.6919246160984039
0.6857528364658356
0.6947247922420502
0.6847189164161682
0.6938307249546051
0.6975512802600861
0.6757761931419373
0.696371523141861
0.6813746762275695
0.6818555653095245
0.7020339965820312
0.6833313608169556
0.6967985332012177
0.6949646401405335
0.6945033657550812
0.6828962898254395
0.6760316812992095
0.6830754590034485
0.6817358934879303
0.7001044058799744
0.6894348156452179
0.6871998381614685
0.6891397011280059
0.6854285252094269
0.6872318065166474
0.6826830577850341
0.686469988822937
0.7078830969333648
0.6873258566856384
0.684431711435318
0.6823829364776611
0.6857681930065155
0.6883658736944198
0.6756046485900878
0.6866320610046387
0.6921287083625793
0.6852925252914429
0.6917692422866821
0.6870852732658386
0.6641706538200378
0.6880459213256835
0.6721952867507934
0.6875893414020539
0.6867585003376007
0.6943221402168274
0.680720009803772
0.6828055441379547
0.6730738687515259
0.6887575256824493
0.6891573405265808
0.6881801772117615
0.6857379281520843
0.6863091897964477
0.6837829947471619
0.6939066684246064
0.6869875252246856
0.6964963150024414
0.6910528361797332
0.6870653855800629
0.6887191581726074
0.6948638439178467
0.6783906972408295
0.6938595700263978
0.6890301918983459
0.6914331495761872
0.6920664978027343
0.6912210416793824
0.6812265419960022
0.6747540891170501
0.6943063426017761
0.6841314387321472
0.6794989049434662
0.6979924428462982
0.6848001319169998
0.6871709084510803
0.6826268064975739
0.6898861932754516
0.6727126216888428
0.6817936837673187
0.6657799220085144
0.6785415267944336
0.7019508337974548
0.6947841203212738
0.6811145222187043
0.6764696145057678
0.6904775941371918
0.6897150301933288
0.688762196302414
0.6864929950237274
0.6978428876399994
0.6889720618724823
0.6917959129810334
0.6941428351402282
0.6821562087535858
0.6902841675281525
0.6862949359416962
0.6855551195144653
0.6767522501945495
0.6761059856414795
0.697097955942154
0.6968798947334289
0.6655560207366943
0.6794326841831207
0.6881937563419342
0.6760414576530457
0.6869762647151947
0.6920458698272705
0.6995579308271408
0.6798172318935394
0.693119136095047
0.6704269754886627
0.691211404800415
0.6851389741897583
0.6921110272407531
0.6790450823307037
0.7003309047222137
0.6897039890289307
0.6886606979370117
0.6810152852535247
0.6882655918598175
0.683587703704834
0.6786804163455963
0.700360449552536
0.683354778289795
0.6740878343582153
0.6860655248165131
0.6836313033103942
0.6866202080249786
0.6735337328910828
0.6903492975234985
0.6849723923206329
0.6869350147247314
0.6791042983531952
0.6930462229251861
0.6719001901149749
0.6864604473114013
0.6959941613674164
0.6768672299385071
0.6895463514328003
0.6804636323451996
0.6781837224960328
0.686635879278183
0.6838294064998627
0.6883065003156662
0.675891854763031
0.6962527775764465
0.6957255411148071
0.6927409267425537
0.6804469454288483
0.6881252038478851
0.6766486704349518
0.6929460906982422
0.6853616154193878
0.6803161299228668
0.6933107709884644
0.6765215498209
0.6723702883720398
0.688097323179245
0.6998341953754426
0.6869611370563508
0.6784105598926544
0.6871624445915222
0.695223195552826
0.6877087235450745
0.6953677749633789
0.6936241543292999
0.6808811068534851
0.6992078161239624
0.6925790667533874
0.6765860009193421
0.6802931976318359
0.6847345530986786
0.6827582597732544
0.6809000372886658
0.6903080987930298
0.688826916217804
0.6897441744804382
0.6933539462089539
0.6805572998523712
0.6923191213607788
0.7022943603992462
0.6908242917060852
0.6856519299745559
0.7049121868610382
0.6970905900001526
0.686691164970398
0.7024911773204804
0.6863878452777863
0.6825635588169098
0.697208684682846
0.6923294496536255
0.6967424857616424
0.6851509749889374
0.692493177652359
0.692108520269394
0.6698818761110306
0.687394391298294
0.7013041174411774
0.7000928795337678
0.6869031965732575
0.6862425589561463
0.6827987533807754
0.6891333210468292
0.6672907984256744
0.6885689520835876
0.6892664909362793
0.7012466871738434
0.6880724036693573
0.6802674722671509
0.6822139620780945
0.6935015511512757
0.7049116539955139
0.6862980401515961
0.6869850873947143
0.6850104880332947
0.6908222997188568
0.6844622814655303
0.6887919461727142
0.6818168008327484
0.682686562538147
0.6913915765285492
0.6976561677455902
0.694984050989151
0.6842040085792541
0.686514618396759
0.6749861645698547
0.6790667939186096
0.68163698554039
0.691624641418457
0.6782645225524903
0.6833698987960816
0.6732051801681519
0.6869577372074127
0.7163765931129455
0.6859848976135254
0.6832686221599579
0.6940643441677093
0.6856845510005951
0.6713871002197266
0.6987230789661407
0.6760307002067566
0.6867584025859833
0.6916129112243652
0.6839416885375976
0.6864768660068512
0.6860447835922241
0.6817985618114472
0.6907674551010132
0.7003366625308991
0.7000951409339905
0.6967449235916138
0.6891418898105621
0.6926842081546783
0.6888447940349579
0.6914073503017426
0.6851852667331696
0.6878770124912262
0.6865375173091889
0.6843298554420472
0.6851562964916229
0.681301611661911
0.7016403353214264
0.6919891381263733
0.6845564866065978
0.6804115462303162
0.6814954078197479
0.6692339956760407
0.6830509233474732
0.6967913007736206
0.6970722353458405
0.6931835496425629
0.6911600732803345
0.7019538116455079
0.6889900970458984
0.688433552980423
0.698296879529953
0.687313106060028
0.6869554042816162
0.6925136303901672
0.6733351790904999
0.6895755410194397
0.6817813837528228
0.675222635269165
0.6790093612670899
0.694489563703537
0.6819985234737396
0.6892022514343261
0.6912397038936615
0.689336941242218
0.6950605261325836
0.6956325745582581
0.696429625749588
0.6840050590038299
0.6915727281570434
0.6800180900096894
0.6797356855869293
0.6860748183727264
0.6852205193042755
0.6961885452270508
0.6961370885372162
0.683234896659851
0.6876195347309113
0.6891574811935425
0.6785925567150116
0.6781443059444427
0.6956017315387726
0.6784982872009278
0.6973808634281159
0.6900034439563751
0.68781769156456
0.6925529539585114
0.6877270758152008
0.6756918156147003
0.688983598947525
0.6711052095890045
0.6878258955478668
0.6817006433010101
0.6845601952075958
0.6948021173477172
0.6885157012939453
0.6723297452926635
0.6742482149600982
0.6860984671115875
0.699443312883377
0.6940094208717347
0.6860552680492401
0.7015735924243927
0.6850130367279053
0.6855572295188904
0.6757628250122071
0.6905918943881989
0.6789083790779114
0.6663767051696777
0.6827112424373627
0.6949345290660858
0.6827882289886474
0.6807969605922699
0.6906967687606812
0.687590764760971
0.6896391749382019
0.6730524146556854
0.6952783942222596
0.6870189011096954
0.679039272069931
0.6760909962654114
0.6876295280456542
0.6910791265964508
0.6894025135040284
0.6903179442882538
0.6829819416999817
0.6916480350494385
0.6845076704025268
0.6825227451324463
0.6882915413379669
0.6781138443946838
0.6957362711429596
0.6854100370407105
0.6816053569316864
0.6875752258300781
0.6820787107944488
0.677537418603897
0.6838995623588562
0.6820931959152222
0.6927642166614533
0.6797148656845092
0.6931870353221893
0.6893037784099579
0.6711803114414215
0.6780348110198975
0.6768130540847779
0.6743448746204376
0.6767442238330841
0.6672795212268829
0.7025912499427795
0.6822988379001618
0.6818509781360627
0.6754422450065612
0.6858688533306122
0.6777731192111969
0.6822831332683563
0.6898629546165467
0.6956457769870759
0.6918840599060059
0.6821027445793152
0.689083526134491
0.6947705435752869
0.6793805921077728
0.6895247638225556
0.6844118165969849
0.6883604991436004
0.6864162397384643
0.6860078823566437
0.6868001294136047
0.6807510876655578
0.6766878950595856
0.6846947383880615
0.6834186673164367
0.6900833725929261
0.6859343969821929
0.6833662784099579
0.6642410039901734
0.6975319480895996
0.681599599123001
0.6916028654575348
0.6772231948375702
0.6732589507102966
0.6860799372196198
0.6877801430225372
0.6867222332954407
0.6935413610935212
0.6749170768260956
0.680368241071701
0.6746965837478638
0.6691763734817505
0.6709639322757721
0.6904661548137665
0.6688987636566162
0.6976701962947846
0.6938682126998902
0.671273775100708
0.6724120956659317
0.6981400978565216
0.6867195010185242
0.6878369772434234
0.6822614479064941
0.6901543080806732
0.6924944472312927
0.6881922852993011
0.6884340119361877
0.6940691316127777
0.6871763586997985
0.6843412280082702
0.6947545838356018
0.6900340211391449
0.6923748743534088
0.6784288537502289
0.6891790330410004
0.6865164232254028
0.6818538463115692
0.6884177434444427
0.6845422542095184
0.691386114358902
0.6827770578861236
0.6973779797554016
0.6797989439964295
0.6932688379287719
0.6928030753135681
0.667804878950119
0.6814558601379395
0.6844724714756012
0.6804813110828399
0.6956163644790649
0.6915975260734558
0.7019470417499543
0.6842467963695527
0.688295167684555
0.6612142455577851
0.6810767066478729
0.693487697839737
0.676245287656784
0.6899124455451965
0.6739986097812652
0.6814907932281494
0.6931346762180328
0.6841817414760589
0.6966116344928741
0.6841309297084809
0.6870153069496154
0.7046715271472931
0.6904361832141876
0.7011879551410675
0.6821847486495972
0.6842974197864532
0.6783623480796814
0.6900816124677658
0.691312872171402
0.6957138514518738
0.6857137084007263
0.6760098916292191
0.6935256123542786
0.6999315786361694
0.6938897931575775
0.6835179901123047
0.6811468112468719
0.6734857535362244
0.6833243083953857
0.6773325991630554
0.6805769562721252
0.6997590219974518
0.6946257948875427
0.6836266231536865
0.668309081196785
0.6766574108600616
0.6945908308029175
0.6861130523681641
0.6944999563694
0.6902548277378082
0.6902266955375671
0.6799490487575531
0.6751771366596222
0.6762611770629883
0.6889228534698486
0.6726257622241973
0.672668969631195
0.6746154177188873
0.6697182810306549
0.6998093056678772
0.6893818712234497
0.6833971583843231
0.69278480052948
0.6832281863689422
0.6830780744552613
0.6804200756549835
0.6953679716587067
0.6843338739871979
0.684939945936203
0.6886567342281341
0.6893250668048858
0.6855624949932099
0.6813292324542999
0.6923908579349518
0.6975113141536713
0.6776692318916321
0.6884840273857117
0.6815256345272064
0.696455602645874
0.6837907779216766
0.6872891986370087
0.6795850443840027
0.6770312488079071
0.6901453030109406
0.6716933298110962
0.7000251626968383
0.698934006690979
0.6751512980461121
0.683943921327591
0.683225200176239
0.6874971032142639
0.6851894533634186
0.6835155355930328
0.6834607636928558
0.6814075684547425
0.6745092928409576
0.6862866926193237
0.684026973247528
0.6964242434501648
0.6874411225318908
0.6858750236034393
0.6892729723453521
0.6809405410289764
0.6821735191345215
0.6940163731575012
0.683684538602829
0.676575424671173
0.6952870166301728
0.6653609156608582
0.6955495274066925
0.6837856853008271
0.7021416437625885
0.6928133082389831
0.6979184794425964
0.6842063474655151
0.6888528192043304
0.6860028183460236
0.6940602624416351
0.6876221013069153
0.6884614086151123
0.6905406546592713
0.6881194722652435
0.6910900783538818
0.6865154957771301
0.6853747689723968
0.6773813116550446
0.6862609815597535
0.6801629042625428
0.6845288753509522
0.6792157316207885
0.6885209619998932
0.6802916014194489
0.6945359838008881
0.680140575170517
0.6842266857624054
0.6815631687641144
0.7074964606761932
0.691799236536026
0.6832930827140808
0.6934469330310822
0.696250832080841
0.6941488403081894
0.6943160724639893
0.6769616043567658
0.6794384980201721
0.6764385199546814
0.6881656289100647
0.6863766741752625
0.7093445956707001
0.6780456578731537
0.6860957515239715
0.701854898929596
0.6739354872703552
0.6814645338058472
0.670767650604248
0.6803210353851319
0.6823593354225159
0.6800113618373871
0.6908020651340485
0.6902034056186676
0.6874204683303833
0.6849582326412201
0.6797552251815796
0.6965990722179413
0.6892299056053162
0.683454350233078
0.6839799082279205
0.6886568152904511
0.6708751440048217
0.6931208491325378
0.6780444520711899
0.6679904216527939
0.6741293466091156
0.6801795387268066
0.6950203013420105
0.6779139351844787
0.689250100851059
0.6832762396335602
0.6768495869636536
0.6842041325569153
0.6895553100109101
0.6668684029579163
0.6815324282646179
0.686795997619629
0.6834990799427032
0.6833775198459625
0.6953270626068115
0.6841121101379395
0.6952860307693481
0.6924817180633545
0.6940438795089722
0.6736107110977173
0.6921497118473053
0.6762868249416352
0.6831583368778229
0.6903439736366273
0.6954118245840073
0.6738452243804932
0.6829043054580688
0.6866576302051545
0.6890055263042449
0.6902126407623291
0.6946897959709167
0.6978997337818146
0.6886389553546906
0.6888390243053436
0.6743373763561249
0.7005258655548096
0.704450957775116
0.6811906218528747
0.6870791137218475
0.6927308487892151
0.6887837779521943
0.6816438794136047
0.6940189707279205
0.6792583751678467
0.6675321471691131
0.6932987451553345
0.7054580533504486
0.6860678327083588
0.700012035369873
0.6786240100860595
0.6876040709018707
0.6943147325515747
0.6856006944179535
0.6828093767166138
0.6876044595241546
0.6892298793792725
0.6706854593753815
0.7106181633472443
0.6925379514694214
0.6821728003025055
0.6706943392753602
0.6769761168956756
0.6885895049571991
0.6840952444076538
0.6856640291213989
0.6848688912391663
0.681121108531952
0.6882814824581146
0.6868357241153717
0.6769222176074982
0.6798330295085907
0.6846848225593567
0.681003098487854
0.6822954785823822
0.6802676880359649
0.6851955556869507
0.6829243779182435
0.6995760214328766
0.681200978755951
0.6796974104642868
0.6662541174888611
0.6908936089277268
0.6881115138530731
0.6865389442443848
0.6856896996498107
0.6813280081748962
0.6979790818691254
0.6908332753181458
0.6850537192821503
0.6852196729183198
0.6880007982254028
0.6917114651203156
0.6771593642234802
0.6762589085102081
0.6637667202949524
0.6774833798408508
0.6916203367710113
0.693750729560852
0.6832237863540649
0.6887428200244904
0.6868120682239532
0.6858731043338776
0.682905501127243
0.695626585483551
0.6815432453155518
0.6769110858440399
0.6899548316001892
0.6864152669906616
0.6796717047691345
0.6946085941791534
0.6925794160366059
0.6956269192695618
0.6877255499362945
0.6899232602119446
0.6888452661037445
0.6829770958423614
0.6933164954185486
0.6910006773471832
0.6886754739284515
0.6877028226852417
0.6880133664608001
0.6872038185596466
0.6943220365047454
0.6831590068340302
0.688904641866684
0.6932864248752594
0.688610270023346
0.6946849679946899
0.6931638717651367
0.6856443536281586
0.6868614459037781
0.6932078146934509
0.6774523258209229
0.6988831698894501
0.6821205604076386
0.6674793708324432
0.6936978960037231
0.6779977595806121
0.6808195066452026
0.6966621899604797
0.6874051582813263
0.677064870595932
0.6770270276069641
0.6900391185283661
0.6950784993171691
0.6898131263256073
0.690297110080719
0.7065476083755493
0.6792620623111725
0.684662436246872
0.6870989739894867
0.6786522686481475
0.6746609032154083
0.6897896921634674
0.690913633108139
0.692994236946106
0.6839858210086822
0.6711934769153595
0.6770038688182831
0.8451849246025085
0.6963394033908844
0.6962701427936554
0.6809777700901032
0.6949762988090515
0.685818020105362
0.6885941851139069
0.6925361752510071
0.6865504384040833
0.6883965373039246
0.6949887347221374
0.6972365093231201
0.6834437477588654
0.684372205734253
0.6861230254173278
0.6836246740818024
0.6880041372776031
0.676299501657486
0.6921690499782562
0.680420196056366
0.6863343894481659
0.6749526202678681
0.7022710084915161
0.6887986505031586
0.6835521590709687
0.6825453078746796
0.6970092070102691
0.6799945211410523
0.6866660237312316
0.6924297893047333
0.700497864484787
0.6944538223743438
0.66842986702919
0.6902608513832093
0.6999252986907959
0.6881173634529114
0.7052785456180573
0.6864565217494965
0.673987557888031
0.6813077938556671
0.6835488998889923
0.6818787288665772
0.698397125005722
0.6764150905609131
0.6936017465591431
0.6900679910182953
0.6884236431121826
0.6942533218860626
0.6841292917728424
0.6848758709430695
0.6993107366561889
0.7066253089904785
0.6912773871421813
0.6903637301921844
0.6919930148124694
0.6919023108482361
0.6877754199504852
0.6914158129692077
0.6897277057170867
0.6889495921134948
0.6855306005477906
0.6827473413944244
0.6857796847820282
0.6987287998199463
0.6972279930114746
0.6896079981327057
0.6814940333366394
0.6874770474433899
0.680012458562851
0.6923610699176789
0.6913089060783386
0.6893572378158569
0.6924496567249299
0.6935889947414399
0.6947251081466674
0.6787209630012512
0.6890231883525848
0.6950816309452057
0.679259432554245
0.6819934046268463
0.6894407331943512
0.6867783153057099
0.6957810068130493
0.6830721437931061
0.6676163792610168
0.6635895657539368
0.6887251973152161
0.6790955209732056
0.6911260581016541
0.6745214283466339
0.6947302985191345
0.6943173944950104
0.6932174682617187
0.6918670439720154
0.6891208291053772
0.6730781638622284
0.6815936446189881
0.6851200246810913
0.6871960186958312
0.6831236839294433
0.6904050266742706
0.6843516671657562
0.6969527661800384
0.6885122513771057
0.6877598595619202
0.6794912981986999
0.6890464735031128
0.6981682288646698
0.6808640873432159
0.6847576069831848
0.6783307766914368
0.6671659243106842
0.7019671630859375
0.6906192588806153
0.6848588716983796
0.6943213760852813
0.6767895817756653
0.6689563584327698
0.6753862655162811
0.6820411562919617
0.6782272481918334
0.689104061126709
0.6902137935161591
0.6901584041118621
0.6895590269565582
0.688442223072052
0.6921590828895569
0.6836411869525909
0.6754812741279602
0.698827337026596
0.687465146780014
0.6915256607532502
0.6894469845294953
0.6964465010166169
0.6743613719940186
0.6887089526653289
0.6877921068668366
0.6874958539009094
0.6854732930660248
0.6858043968677521
0.6806569004058838
0.6872876012325286
0.6853634941577912
0.6896581661701202
0.6867236137390137
0.6912310004234314
0.6939727246761322
0.6982835555076599
0.6956209778785706
0.696446567773819
0.6915471303462982
0.6913998544216156
0.6829084098339081
0.6961287283897399
0.6924632394313812
0.6928585553169251
0.6856626117229462
0.6885982692241669
0.6972672986984253
0.6970480036735535
0.6932799446582795
0.6992126357555389
0.6851661205291748
0.6860071313381195
0.6879581427574157
0.6866925013065338
0.6909746813774109
0.6859154272079467
0.6936667203903198
0.681566561460495
0.7069120490550995
0.690860116481781
0.692967585325241
0.6944629132747651
0.6945298516750336
0.6841741538047791
0.7035968065261841
0.6945705664157867
0.6874384140968323
0.6841709852218628
0.6836847198009491
0.693392642736435
0.6873321878910065
0.6832503497600555
0.6864794385433197
0.6742964708805084
0.6940894770622253
0.6920253872871399
0.6978845489025116
0.6787246632575988
0.6874251186847686
0.6953278636932373
0.694268856048584
0.6885976755619049
0.6857514607906342
0.676484557390213
0.6928045642375946
0.684068375825882
0.6785729825496674
0.7036038517951966
0.6874173414707184
0.6853582358360291
0.6812704539299012
0.6979359745979309
0.6738568437099457
0.6886255717277527
0.6856565254926682
0.6866630899906159
0.6877122735977172
0.6898746943473816
0.6938667321205139
0.6894760775566101
0.6861382484436035
0.6808796358108521
0.682950987815857
0.6910228478908539
0.6902266919612885
0.6947148370742798
0.6887613999843597
0.6960187435150147
0.6958706331253052
0.6833719980716705
0.6895365858078003
0.6791354846954346
0.6981998443603515
0.6841287040710449
0.7046089744567872
0.6852485954761505
0.6912505757808686
0.683572472333908
0.6757282984256744
0.6755293524265289
0.6849349868297577
0.6763353574275971
0.6938205486536027
0.682375853061676
0.677063239812851
0.6923555994033813
0.6978207206726075
0.6797935879230499
0.6871198332309723
0.6911169743537903
0.6805427038669586
0.6777237343788147
0.6867123341560364
0.6873103523254395
0.6944399571418762
0.6815154540538788
0.6840290665626526
0.6784280264377593
0.6939417552947998
0.6795021975040436
0.6914611828327178
0.6757950460910798
0.6973693287372589
0.6865281581878662
0.6796698331832886
0.6800794923305511
0.6780879259109497
0.6826459062099457
0.687568166255951
0.7077235102653503
0.6902723193168641
0.6833110868930816
0.678768458366394
0.682965658903122
0.6850209772586823
0.6888314998149871
0.7048094141483306
0.7002791166305542
0.6881634390354157
0.7121050763130188
0.7000759768486023
0.6803389382362366
0.6832942819595337
0.6837534976005554
0.6942927062511444
0.678975156545639
0.6842417788505554
0.6746758615970612
0.7066325628757477
0.6728679466247559
0.69735560297966
0.6897603762149811
0.6965968716144562
0.6818702733516693
0.6909491264820099
0.6824969971179962
0.693836339712143
0.6868413352966308
0.697085806131363
0.6861774289608001
0.6912642455101013
0.6949817073345185
0.6934537672996521
0.697016282081604
0.6838203716278076
0.6907932162284851
0.6885104870796204
0.6784716498851776
0.6902797830104828
0.6960353910923004
0.6996620213985443
0.6842764246463776
0.6801691246032715
0.691785147190094
0.6902451527118683
0.7028298103809356
0.6853225421905518
0.6976748859882355
0.6996844983100892
0.687434252500534
0.6913112556934357
0.6947576153278351
0.7004490506649017
0.6866669893264771
0.6849336922168732
0.692480034828186
0.6863374197483063
0.695978285074234
0.7039221906661988
0.6797387993335724
0.6984573292732239
0.6780101382732391
0.6880803191661835
0.6959581696987152
0.690860652923584
0.6938772320747375
0.687810879945755
0.6984949851036072
0.6921397197246552
0.6907264173030854
0.7019544219970704
0.6954900431632995
0.6965876996517182
0.7069370174407958
0.6935354363918305
0.6909784317016602
0.6841057300567627
0.692108029127121
0.6881724190711975
0.6995771479606628
0.6985248780250549
0.682507392168045
0.6958880388736725
0.6916393613815308
0.6952373677492142
0.7004951453208923
0.6985685491561889
0.6945140385627746
0.6857807958126068
0.6978344762325287
0.7059517872333526
0.6876325762271881
0.682934136390686
0.6788200223445893
0.6852379477024079
0.6998266732692718
0.6846687126159668
0.6686195719242096
0.6821469366550446
0.7013030922412873
0.683184729218483
0.6830355143547058
0.681195958852768
0.6840675902366639
0.6926057410240173
0.7019060301780701
0.6962985408306122
0.6760726082324982
0.6827772986888886
0.6908605015277862
0.7050269889831543
0.687825425863266
0.6738918364048004
0.6887447321414948
0.6864081048965454
0.6945934402942657
0.6758687508106231
0.6797777771949768
0.6848809242248535
0.6902407419681549
0.7036479032039642
0.7038486886024475
0.6935547995567322
0.6853184103965759
0.6884575343132019
0.6812624168395996
0.6765112340450287
0.6860341763496399
0.699266209602356
0.6739995980262756
0.6914919066429138
0.6971517968177795
0.6885736119747162
0.689433959722519
0.6799698901176453
0.7005123174190522
0.6891433894634247
0.6883045613765717
0.6835287082195282
0.6902085733413696
0.6926504230499267
0.6885517013072967
0.6904522919654846
0.7038237488269806
0.6907677578926087
0.6933884966373444
0.6895441913604736
0.7058034336566925
0.6864573526382446
0.6912926971912384
0.6794684290885925
0.6995392990112305
0.692036681175232
0.697053552865982
0.6839931690692902
0.6963996410369873
0.6864848685264587
0.6915640127658844
0.6822945749759675
0.7005453419685364
0.6983066284656525
0.6915596687793731
0.6967826080322266
0.6951201343536377
0.7001621794700622
0.6860712242126464
0.6874469542503356
0.6819967484474182
0.6924701774120331
0.6959102463722229
0.696393506526947
0.6738972198963166
0.6875829219818115
0.6982729780673981
0.6872036278247833
0.7003240466117859
0.6876478946208954
0.6839781439304352
0.6905174052715302
0.6710172152519226
0.6858269274234772
0.6877775585651398
0.6885392034053802
0.6757952237129211
0.6772745823860169
0.6832533776760101
0.6690855491161346
0.6891770565509796
0.6841834139823914
0.7051276862621307
0.6953357517719269
0.68661452293396
0.6916387546062469
0.6931122291088104
0.6915982091426849
0.6793577015399933
0.6844692730903625
0.6938592040538788
0.6854918766021728
0.7065783381462097
0.6926214289665222
0.681657829284668
0.6953359091281891
0.6869772183895111
0.6820003294944763
0.6957970869541168
0.6816607081890106
0.6887166678905488
0.6879516494274139
0.6854723680019379
0.6782645308971404
0.6931011843681335
0.6889989709854126
0.6911465036869049
0.6774598443508149
0.6884170341491699
0.6755353283882141
0.7024504160881042
0.6856126630306244
0.6929931497573852
0.6876407146453858
0.6827240490913391
0.6908542013168335
0.6871109402179718
0.6797775530815124
0.6864368796348572
0.6872209835052491
0.677267255783081
0.6946117544174194
0.7014861118793487
0.6870713865756989
0.6948091495037079
0.6945343780517578
0.6859085404872894
0.6901869797706603
0.6800652360916137
0.699126945734024
0.6841902303695678
0.6858161878585816
0.6906107556819916
0.6952741420269013
0.6966492664813996
0.6968892621994018
0.6877165901660919
0.7036168920993805
0.6803523194789887
0.6989414787292481
0.6772952330112457
0.6879458796977996
0.6969435858726502
0.6904840075969696
0.688509076833725
0.6947295045852662
0.6985446906089783
0.6848261874914169
0.692158179283142
0.6809168386459351
0.6867734622955323
0.690565242767334
0.6921682918071747
0.689336359500885
0.6878509438037872
0.6885019099712372
0.6924131369590759
0.7000364851951599
0.6833125913143158
0.6851782464981079
0.6906253862380981
0.7066644322872162
0.6958266681432724
0.6902745449543
0.6943917560577393
0.6811485016345977
0.6863174223899842
0.6908592009544372
0.6933196032047272
0.6798650765419006
0.6831593227386474
0.7019064223766327
0.6973415994644165
0.689615443944931
0.6793847894668579
0.7003751051425934
0.680385731458664
0.6934901106357575
0.678247948884964
0.6858746516704559
0.6898125976324081
0.7064980685710907
0.677253999710083
0.6807982110977173
0.690262326002121
0.6923757982254028
0.699009302854538
0.6976285254955292
0.6891429102420807
0.6864008444547653
0.6864351940155029
0.6873803102970123
0.6912454640865326
0.68855215549469
0.6823741436004639
0.6930927681922913
0.6996341407299042
0.6683026719093322
0.6901522397994995
0.6946830046176911
0.675187418460846
0.6926049888134003
0.6888235461711884
0.6853437638282776
0.6941598606109619
0.6868268787860871
0.6806225061416626
0.6927216219902038
0.6898260271549225
0.6876145112514496
0.6998659682273864
0.6865415167808533
0.6928532660007477
0.6877036368846894
0.7009480619430541
0.6913174724578858
0.6851479661464691
0.686940324306488
0.702301697731018
0.6914740812778473
0.6856558382511139
0.6952805149555207
0.6888326954841614
0.6900028109550476
0.6963549637794495
0.6864928913116455
0.6923485052585602
0.682416296005249
0.6665906953811646
0.6939803850650788
0.6911007356643677
0.6812252736091614
0.6880613732337951
0.6844805097579956
0.6874275922775268
0.7018365514278412
0.6964162385463715
0.6958439767360687
0.678798098564148
0.6816200220584869
0.6900410544872284
0.6891992950439453
0.6907056164741516
0.6874367105960846
0.686897588968277
0.6843188726902008
0.7019709467887878
0.6745624005794525
0.6920703721046447
0.6920745408535004
0.6830377602577209
0.6820086336135864
0.6965550100803375
0.6772387552261353
0.6749484920501709
0.6929292476177216
0.6958263766765594
0.6832171618938446
0.6888447797298431
0.6734537756443024
0.693514404296875
0.6873287093639374
0.674156733751297
0.6945466375350953
0.6763080871105194
0.6897065341472626
0.7040480387210846
0.6802931880950928
0.6806141674518585
0.6885057389736176
0.7020444512367249
0.6971953475475311
0.6976441073417664
0.6906616222858429
0.6909687507152558
0.6916215085983276
0.6882165515422821
0.6917708146572114
0.6938447320461273
0.6892328786849976
0.6777240693569183
0.6839930999279022
0.6986510574817657
0.6990357184410095
0.6830042421817779
0.6957697916030884
0.6932349395751953
0.6823389065265656
0.6851192390918732
0.6842596417665482
0.6814545166492462
0.7018602967262269
0.6842288649082184
0.6868630576133729
0.684161866903305
0.698206776380539
0.6933041191101075
0.6838161087036133
0.7066799867153167
0.6842656219005585
0.6833166301250457
0.689625426530838
0.6887784659862518
0.6935274052619934
0.6945724248886108
0.6995206010341645
0.69667560338974
0.6774737465381623
0.6907738256454468
0.6939983737468719
0.7017537188529969
0.6871816515922546
0.6987787485122681
0.6969554901123047
0.6763416993618011
0.6845464730262756
0.6813723337650299
0.692560670375824
0.6902949857711792
0.6880791032314301
0.6802960824966431
0.6895814752578735
0.6911238360404969
0.6790867531299591
0.6950497198104858
0.702816241979599
0.6963242745399475
0.6958695077896118
0.6866957795619965
0.6902969968318939
0.6935433793067932
0.6849849426746368
0.6804776358604431
0.7038612711429596
0.6936845827102661
0.6875830793380737
0.6872784566879272
0.7042119348049164
0.6823115837574005
0.6938389348983764
0.6898737287521363
0.6839288139343261
0.6881589388847351
0.693684504032135
0.6778148055076599
0.6919576334953308
0.6940025341510773
0.6948759615421295
0.6788524520397187
0.6902760541439057
0.6910004556179047
0.6869533002376557
0.6870378732681275
0.6927138650417328
0.685178337097168
0.6834916663169861
0.6898590707778931
0.6844704186916352
0.6808961975574493
0.695385318994522
0.6859399437904358
0.6924226474761963
0.6873819518089295
0.677422012090683
0.6887890601158142
0.6850433838367462
0.6912609648704529
0.6751726078987121
0.6790322399139405
0.6904847586154937
0.6899919593334198
0.6834010434150696
0.6937083601951599
0.6911117088794708
0.6774111557006836
0.6977988409996033
0.6916781640052796
0.6819036817550659
0.6841094720363617
0.6949589264392853
0.7039104080200196
0.693676586151123
0.6991152012348175
0.7003555476665497
0.6923657929897309
0.6900891959667206
0.6921530735492706
0.6841962540149689
0.6915046346187591
0.7007417452335357
0.681788079738617
0.6950889444351196
0.681909657716751
0.6870177781581879
0.68523188829422
0.6919714927673339
0.6967635858058929
0.6912365651130676
0.6986678791046143
0.6913602781295777
0.6915465199947357
0.6942796730995178
0.6921897900104522
0.6792847061157227
0.6915239083766938
0.6957488965988159
0.6909417951107025
0.6919200170040131
0.6937277090549469
0.6703230917453766
0.6799998962879181
0.6768726825714111
0.7070952117443084
0.689613995552063
0.695197514295578
0.6802692294120789
0.6945386672019959
0.6845474362373352
0.6895119678974152
0.684134395122528
0.6708822751045227
0.6991246306896209
0.6977279925346375
0.6825712132453918
0.6820882129669189
0.6955931794643402
0.6996147656440734
0.6899653017520905
0.6847463738918305
0.6905997490882874
0.6995166206359863
0.6950763022899628
0.6723578381538391
0.6953143393993377
0.6775273334980011
0.6916962611675262
0.6777191054821015
0.6889214444160462
0.686341154575348
0.6954762768745423
0.686953319311142
0.6785713541507721
0.6862587738037109
0.6980477476119995
0.675907529592514
0.6942840397357941
0.6956911671161652
0.6882585155963897
0.6961890637874604
0.6912022280693054
0.684330130815506
0.7074670433998108
0.6761478304862976
0.6949344670772553
0.6905851602554322
0.6897229731082917
0.6856695210933685
0.6974451577663422
0.6929116249084473
0.6903348338603973
0.6812857341766357
0.6992028200626373
0.6855839729309082
0.7003661155700683
0.6940723431110382
0.6966065204143524
0.6912424159049988
0.692012666463852
0.68706298828125
0.6953745377063751
0.6825369203090668
0.6843210303783417
0.6916893601417542
0.6848196959495545
0.6838964915275574
0.6941011798381805
0.6923595666885376
0.6811435008049012
0.6798523211479187
0.6812272238731384
0.6979262244701385
0.6708765470981598
0.6968919491767883
0.6949665129184723
0.6886927723884583
0.6950916111469269
0.6917950820922851
0.6863689756393433
0.6905376815795898
0.688285915851593
0.6832755327224731
0.6961544156074524
0.6850761580467224
0.6875137555599212
0.6994506192207336
0.6882161247730255
0.6872468447685242
0.6852548682689666
0.6851748597621917
0.6911388421058655
0.6983739376068115
0.6891128218173981
0.6894170308113098
0.6891085982322693
0.6865105473995209
0.6876440298557281
0.6860143291950226
0.6866021358966827
0.6786811530590058
0.7010566520690918
0.6855734455585479
0.6956694257259369
0.695350524187088
0.6884066605567932
0.6803637969493866
0.6966372287273407
0.6906556880474091
0.6850785779953003
0.688623149394989
0.687479555606842
0.6982696568965912
0.6929010307788849
0.6860783624649048
0.690690199136734
0.6857041704654694
0.6917155539989471
0.6986591064929962
0.6869654774665832
0.6865343189239502
0.6902570116519928
0.6887660670280457
0.6977750384807586
0.6845670890808105
0.687929550409317
0.6871983242034913
0.689169762134552
0.6846933913230896
0.6848341834545135
0.6777420288324356
0.6865387892723084
0.672776643037796
0.6978320109844208
0.6820173501968384
0.6769953715801239
0.6933530592918395
0.6803365194797516
0.6933545744419098
0.6948266077041626
0.701860579252243
0.6860229218006134
0.680275365114212
0.6815020799636841
0.6895805597305298
0.6804352641105652
0.6919322347640992
0.6765922057628632
0.6891025221347808
0.6805478870868683
0.691142600774765
0.6787562227249145
0.6792968916893005
0.6900934207439423
0.6895668959617615
0.6777840030193328
0.6928258121013642
0.6798622965812683
0.692791463136673
0.6773023498058319
0.6806779503822327
0.682213624715805
0.6855280637741089
0.6779881238937377
0.6870925879478454
0.6863097161054611
0.6909140515327453
0.6895227479934692
0.6889328193664551
0.6784095561504364
0.6797532665729523
0.6960540497303009
0.6906539595127106
0.6804031372070313
0.6939151275157929
0.6964845073223114
0.6856298327445984
0.6916202473640441
0.6877062773704529
0.6942167627811432
0.6838000583648681
0.6921470308303833
0.6895154476165771
0.6917125475406647
0.6873053061962128
0.6922453153133392
0.6920741641521454
0.6841679048538208
0.6928095138072967
0.6794714438915253
0.696665209531784
0.682540442943573
0.6935052239894867
0.6798924803733826
0.6795941412448883
0.6843716621398925
0.686085683107376
0.6943982601165771
0.6906285572052002
0.6809848737716675
0.6773497438430787
0.6835234916210174
0.6854330670833587
0.6755698978900909
0.6874536621570587
0.6858444821834564
0.678755909204483
0.7006619000434875
0.6907744812965393
0.6841008853912354
0.6853270649909973
0.6872371423244477
0.6828428339958191
0.6920573043823243
0.6872772955894471
0.6912992489337921
0.691865564584732
0.6887621879577637
0.6900714242458343
0.7029506039619445
0.6752488839626313
0.6844444966316223
0.6878622722625732
0.6848036968708038
0.6813499224185944
0.6832784593105317
0.6946898543834686
0.6766530513763428
0.7020053744316102
0.6937147748470306
0.6925005102157593
0.6802299845218659
0.7014621686935425
0.6880371165275574
0.6754781532287598
0.6788042175769806
0.6863707959651947
0.692600120306015
0.6855979692935944
0.6847989594936371
0.6858257043361664
0.6691819655895234
0.688524123430252
0.8412769567966462
0.6761317467689514
0.6760984641313553
0.6906158721446991
0.6952017056941986
0.6985888588428497
0.6854466450214386
0.6899042761325836
0.6747598540782929
0.6802360916137695
0.6951926159858703
0.6841593194007873
0.6731069207191467
0.6993930745124817
0.6907272338867188
0.6835227119922638
0.6862672245502472
0.6960405945777893
0.6943046200275421
0.6833668184280396
0.6873666775226593
0.6858734810352325
0.7053861618041992
0.699343878030777
0.6623513782024384
0.693528482913971
0.6833323466777802
0.6935903370380402
0.7008200311660766
0.6956430006027222
0.6947921514511108
0.692497650384903
0.6901299321651458
0.6815284264087677
0.6975999069213867
0.6923704314231872
0.6667892110347747
0.6877917504310608
0.6841389524936676
0.691001056432724
0.6961778998374939
0.6874208557605743
0.687669632434845
0.7036076533794403
0.6878744077682495
0.693980598449707
0.6917379724979401
0.6949541938304901
0.692100692987442
0.6949326133728028
0.6951677334308625
0.692052173614502
0.6933019864559173
0.698778475522995
0.7032649862766266
0.6725343036651611
0.691134648323059
0.6836701929569244
0.6941856741905212
0.6901277422904968
0.6946304607391357
0.6921731364727021
0.6897173011302948
0.6930298459529877
0.6697108280658722
0.6767636144161224
0.697720913887024
0.6894687509536743
0.6930580759048461
0.706751788854599
0.6910252702236176
0.705380300283432
0.6869640123844146
0.701990385055542
0.6808710145950317
0.6985864078998566
0.683337824344635
0.6983023798465728
0.6760409271717072
0.6815541291236877
0.6900749599933624
0.6978330218791962
0.6884108924865723
0.691372184753418
0.684308146238327
0.6870943009853363
0.6744854211807251
0.7001756525039673
0.6804438710212708
0.682346955537796
0.693242906332016
0.6941675114631652
0.693400707244873
0.6849045133590699
0.6929238736629486
0.6864550995826721
0.6897609305381774
0.7029667448997498
0.6839795506000519
0.6771355044841766
0.6896620261669159
0.6896474707126617
0.692945339679718
0.6818915009498596
0.6855421376228332
0.7035577178001404
0.692742874622345
0.6895721185207367
0.6747279703617096
0.6950677347183227
0.6916387701034545
0.6892232501506805
0.697769569158554
0.6845548570156097
0.6845895540714264
0.6849478042125702
0.6925624191761017
0.6830635321140289
0.681055852174759
0.6813597559928894
0.6929226696491242
0.6894287073612213
0.7013528954982757
0.6837657380104065
0.6777277481555939
0.7010004270076752
0.677490565776825
0.6814167857170105
0.6835179924964905
0.6879992640018463
0.6945195770263672
0.6985105907917023
0.687945636510849
0.6849566698074341
0.6692652559280395
0.6835619986057282
0.6894014084339142
0.6928041875362396
0.6885604143142701
0.6855999839305877
0.6889406156539917
0.6890139007568359
0.6880750250816345
0.6811430716514587
0.6894381487369537
0.7017358207702636
0.692413364648819
0.6948637914657593
0.6965306627750397
0.6967762279510498
0.6874119174480439
0.692254604101181
0.6963774275779724
0.6936580991744995
0.6897046995162964
0.7033705282211303
0.6902045786380768
0.6928673326969147
0.6879326534271241
0.6832008159160614
0.6876565074920654
0.6831047451496124
0.6919588935375214
0.6939324831962586
0.6938412916660309
0.6901660180091858
0.6833554363250732
0.6761635208129883
0.6815188944339752
0.6960473644733429
0.6897716176509857
0.6879651248455048
0.6961523222923279
0.7020301961898804
0.6876992273330689
0.6937957656383514
0.691885278224945
0.7039528226852417
0.6990210640430451
0.6919506132602692
0.676148716211319
0.6734687221050263
0.68251056432724
0.6941675186157227
0.707970712184906
0.6928595471382141
0.6883912670612335
0.6788173258304596
0.692702476978302
0.6967636454105377
0.6770904660224915
0.6765839099884033
0.6805229365825654
0.6902576541900635
0.6962658858299255
0.6977911424636841
0.6954459416866302
0.6910123431682587
0.6902656829357148
0.6909860181808472
0.6996402966976166
0.6743718671798706
0.7007343077659607
0.6906890499591828
0.6774968183040619
0.6971593695878983
0.693959721326828
0.6948651957511902
0.6976105177402496
0.6913520896434784
0.6826379215717315
0.6992645525932312
0.6910135316848754
0.6875511848926544
0.6798724341392517
0.7057530915737152
0.6860539186000824
0.6843449306488038
0.6905479061603547
0.7015747368335724
0.6844558274745941
0.681479754447937
0.6939728724956512
0.687753701210022
0.6940800142288208
0.6948818624019623
0.6856504809856415
0.6970885276794434
0.6928133279085159
0.7018401420116425
0.6928043961524963
0.7065669429302216
0.6915354561805725
0.6927846240997314
0.6885885906219482
0.6888212013244629
0.7018771517276764
0.684551147222519
0.688405157327652
0.688641265630722
0.6823499155044556
0.690105355978012
0.6844343340396881
0.694207808971405
0.6980706799030304
0.7000744152069092
0.6907222807407379
0.6792600643634796
0.6861397433280945
0.6921793091297149
0.6891241014003754
0.6858076679706574
0.6870764493942261
0.694469963312149
0.6982508182525635
0.6772110664844513
0.6909892940521241
0.697939178943634
0.6833109998703003
0.6936255061626434
0.6926749074459075
0.6920028162002564
0.6803727686405182
0.682451902627945
0.6902937626838684
0.71097039103508
0.7001004779338836
0.6831460404396057
0.6901188027858735
0.6859288442134858
0.6870276975631714
0.6959334552288056
0.6830930876731872
0.6883420383930207
0.6992475831508637
0.6825109720230103
0.6828669226169586
0.6957136845588684
0.6803894364833831
0.6855619215965271
0.6836707115173339
0.6806218159198761
0.6958794057369232
0.6858920657634735
0.6845477449893952
0.6885545980930329
0.6772160243988037
0.6941163039207459
0.698301831483841
0.6950896656513215
0.7003354334831238
0.695513561964035
0.6801259851455689
0.6868126428127289
0.682363154888153
0.6865023732185364
0.6990350997447967
0.6812539219856262
0.6980096924304963
0.6867471754550933
0.6994421768188477
0.6965337598323822
0.6870887696743011
0.6976701009273529
0.6830192410945892
0.6871520543098449
0.6833774149417877
0.6884953618049622
0.68318563580513
0.6863109588623046
0.6962757074832916
0.6939678466320038
0.6953617477416992
0.6944784569740295
0.6863268828392028
0.6871567630767822
0.6878904211521149
0.6793646478652954
0.6772754490375519
0.6992762351036071
0.6872614598274231
0.687557601928711
0.7052535104751587
0.6929603850841523
0.6998410952091217
0.6811525118350983
0.6956405329704285
0.6928695046901703
0.6984197473526002
0.712162253856659
0.6883980715274811
0.6960574805736541
0.7036030983924866
0.6913855981826782
0.68373899102211
0.688259094953537
0.6797818410396576
0.6887555921077728
0.693557653427124
0.6845519566535949
0.6916702592372894
0.6924370276927948
0.6994249486923217
0.6877083170413971
0.7005632543563842
0.6986820650100708
0.70229931473732
0.6849209356307984
0.6907344782352447
0.6852099573612214
0.6965192425251007
0.7005287766456604
0.6908371543884277
0.6894037127494812
0.687541081905365
0.688791116476059
0.6868782043457031
0.6906961131095887
0.6933805811405181
0.6976409614086151
0.679665333032608
0.6949807834625245
0.698945769071579
0.68880788564682
0.6752174293994904
0.6943474745750428
0.6916579937934876
0.7009679496288299
0.6995267546176911
0.6800520026683807
0.68193687915802
0.681312860250473
0.6919703590869903
0.6959461402893067
0.6974765145778656
0.7032866525650024
0.6925922274589539
0.6787280082702637
0.6990480554103852
0.6938653528690338
0.6738000082969665
0.6928242826461792
0.6844017499685288
0.6989752626419068
0.6926839470863342
0.701981828212738
0.6908449256420135
0.69921994805336
0.684716774225235
0.7009986281394959
0.6916314208507538
0.6979860472679138
0.6998889780044556
0.6927041018009186
0.6897801828384399
0.6871574866771698
0.6897335684299469
0.6818676090240479
0.7008311057090759
0.6999491000175476
0.6749114060401916
0.6873108625411988
0.6908395338058472
0.6936795508861542
0.699987245798111
0.6911374819278717
0.6925469446182251
0.708359318971634
0.6948676609992981
0.6963804578781128
0.7159162747859955
0.6918134844303131
0.6905877768993378
0.6944303178787231
0.6880434989929199
0.6822874701023102
0.6842411005496979
0.6774582898616791
0.6927383124828339
0.6916099393367767
0.6983882534503937
0.6903314960002899
0.6930471527576446
0.6881872713565826
0.6840097892284394
0.6911948728561401
0.6963521194458008
0.6876456344127655
0.6784726476669312
0.6977007400989532
0.6958961939811706
0.6898829126358033
0.6862313151359558
0.702757112979889
0.696446053981781
0.6871093201637268
0.6955938482284546
0.692214515209198
0.6836006307601928
0.7015323257446289
0.6957211875915528
0.6913807499408722
0.695041550397873
0.6900935661792755
0.6861844253540039
0.6787626779079438
0.6809726285934449
0.689761427640915
0.6816245621442795
0.6900401449203492
0.6916089856624603
0.6916462063789368
0.6849716889858246
0.6913255441188813
0.6957644999027253
0.6761165380477905
0.681155515909195
0.6930151009559631
0.6936747813224793
0.685232321023941
0.697406017780304
0.6962205350399018
0.6969452977180481
0.6920483994483948
0.6875252521038056
0.6798092544078826
0.684767609834671
0.6970591998100281
0.6853662180900574
0.6929942059516907
0.683829118013382
0.689824583530426
0.6779652118682862
0.7010438895225525
0.6894492685794831
0.6934846186637879
0.6898548209667206
0.6909269726276398
0.6920826423168183
0.698610999584198
0.692710075378418
0.6873244190216065
0.6871688866615295
0.7070607030391693
0.6822250652313232
0.6891914510726929
0.6838048803806305
0.6972253346443176
0.6919228315353394
0.6844863712787628
0.6836045670509339
0.6821109461784363
0.6856125390529633
0.6881584274768829
0.6801736390590668
0.6853703844547272
0.6922017514705658
0.6896947062015534
0.6843086445331573
0.6869347667694092
0.6914957427978515
0.6871661913394927
0.7004802477359772
0.6848603010177612
0.6784261095523835
0.6882443642616272
0.6775295817852021
0.701453548669815
0.7049123454093933
0.6877951574325561
0.6905819749832154
0.7019248652458191
0.6930640649795532
0.690328243970871
0.6874631083011628
0.6850332164764404
0.6872773122787476
0.6985430645942688
0.6792939484119416
0.684995355606079
0.6859491014480591
0.6946603751182556
0.6734731137752533
0.684747370481491
0.6900873839855194
0.694602736234665
0.6845157659053802
0.6968380689620972
0.6860663223266602
0.685945154428482
0.6914779281616211
0.6953519070148468
0.6888570976257324
0.6887103593349457
0.6794236767292022
0.6921560060977936
0.6868131816387176
0.6909516072273254
0.7077665865421295
0.6761386907100677
0.6899254631996155
0.6915491259098053
0.6874488389492035
0.6866584348678589
0.6873589873313903
0.6864857494831085
0.7011122596263886
0.6956967496871949
0.6950721704959869
0.6825173258781433
0.6869602370262146
0.6743803369998932
0.6999842023849487
0.6897624576091766
0.6953433382511139
0.6873537325859069
0.6898589396476745
0.6877695739269256
0.6896745920181274
0.7077434122562408
0.6945342969894409
0.6917260670661927
0.6961061906814575
0.6817713075876236
0.6907818710803986
0.6911391162872315
0.6850700354576111
0.6886212861537934
0.6809324669837952
0.6937037670612335
0.6901914262771607
0.6931030333042145
0.6941270387172699
0.6753110575675965
0.6864464497566223
0.6845845031738281
0.6870533061027527
0.6958901345729828
0.6985086333751679
0.6918617784976959
0.6859157800674438
0.6963056564331055
0.6774037742614746
0.6961759734153747
0.6968329572677612
0.6881986379623413
0.6884601938724518
0.6857299518585205
0.6930489373207093
0.7104558730125428
0.6870725703239441
0.6815658187866211
0.6820917785167694
0.6913769543170929
0.7030939662456512
0.6851539611816406
0.6941344583034516
0.6787526774406433
0.6826335978507996
0.6917550373077392
0.7054933989048005
0.6848144888877868
0.6958838438987732
0.6911769354343414
0.6937273371219635
0.6919017815589905
0.6874330794811249
0.6898947083950042
0.692410420179367
0.6868144631385803
0.6935138952732086
0.6922404932975769
0.6752040672302246
0.6998686301708221
0.69611447930336
0.6947131562232971
0.6942134225368499
0.6815656507015229
0.6847219133377075
0.6881528317928314
0.6820056676864624
0.6933909201622009
0.688340253829956
0.6867226696014405
0.6901831066608429
0.6769250571727753
0.678552097082138
0.6868125796318054
0.7039831721782684
0.7031738531589508
0.6846999979019165
0.6876030671596527
0.6789943730831146
0.6876849400997161
0.6825053191184998
0.6832576858997345
0.6863988530635834
0.6823291826248169
0.6930396854877472
0.6895056307315827
0.6974865508079529
0.6965650629997253
0.6979271161556244
0.6833167052268982
0.6690605211257935
0.6961760258674622
0.688511803150177
0.6883783519268036
0.6927052921056748
0.6885592412948608
0.6874397552013397
0.6957345342636109
0.6891034460067749
0.6952708292007447
0.6901517629623413
0.6908302772045135
0.6969597160816192
0.6783392906188965
0.6851324880123139
0.6762658512592316
0.7027550530433655
0.6892733645439147
0.6904390788078308
0.6910865533351899
0.6889616966247558
0.6866904783248902
0.6873322474956512
0.6819519674777985
0.6726089596748352
0.6882820761203766
0.6861732816696167
0.6762264931201935
0.6907482743263245
0.692016407251358
0.6888309597969056
0.7081864023208618
0.6908256268501282
0.692343156337738
0.6903464925289154
0.6776432991027832
0.6944477236270905
0.6859799003601075
0.6936527919769288
0.685711510181427
0.6944821953773499
0.6881660664081574
0.6891248202323914
0.6867203724384308
0.6886729097366333
0.6857521998882293
0.684876007437706
0.697566990852356
0.6919461083412171
0.6699136662483215
0.6837256360054016
0.6844892919063568
0.6817017495632172
0.6969741773605347
0.6930719327926635
0.6847682416439056
0.6862472522258759
0.6865543687343597
0.7032303380966186
0.7009182667732239
0.6727037847042083
0.7018556785583496
0.6882184946537018
0.6893720364570618
0.702948100566864
0.702105131149292
0.6887215650081635
0.6811318910121917
0.6977609992027283
0.6986660718917846
0.7001266288757324
0.6855656492710114
0.693722335100174
0.6885243487358094
0.6892066097259522
0.6904162609577179
0.6987685537338257
0.694201978445053
0.6767478156089782
0.6739458537101746
0.6998640143871308
0.6900309801101685
0.6793150436878205
0.694748215675354
0.7069746017456054
0.6947453939914703
0.6857426548004151
0.6993684470653534
0.6958558487892151
0.7002271020412445
0.6919189667701722
0.6929944920539856
0.6868401038646698
0.6729919230937957
0.6940675377845764
0.6978664231300354
0.6899915337562561
0.6946927893161774
0.6876911079883575
0.6946712684631348
0.6811209177970886
0.6930423235893249
0.6962070691585541
0.6982831954956055
0.707798981666565
0.6915948069095612
0.7029387199878693
0.6946857690811157
0.6897472929954529
0.6801923215389252
0.684370139837265
0.6992748665809632
0.6857695066928864
0.6779090118408203
0.6974077272415161
0.68687575340271
0.6950307309627533
0.685565020442009
0.6913995099067688
0.6902326250076294
0.6952676165103913
0.6894279646873475
0.6968971610069274
0.699729038476944
0.687475460767746
0.6921715617179871
0.6976307392120361
0.6828857684135436
0.6773713314533234
0.6945520329475403
0.6918032658100128
0.6993838524818421
0.6980995547771454
0.6875448060035706
0.6992297983169555
0.6938551783561706
0.6946553301811218
0.6878349721431732
0.6815207052230835
0.6868223142623902
0.6769619286060333
0.6838008415699005
0.6929590618610382
0.7057029950618744
0.6827402830123901
0.6952727603912353
0.7033135867118836
0.6975171101093293
0.7010501456260682
0.6897104704380035
0.6917972707748413
0.6940657460689544
0.7014096367359162
0.6894379067420959
0.6922628283500671
0.6766389119625091
0.6920692455768586
0.6943148124217987
0.6804246878623963
0.688992074728012
0.690448135137558
0.6989422285556793
0.7032759344577789
0.6918966662883759
0.6896601462364197
0.692619469165802
0.6721997559070587
0.6927247023582459
0.701610482931137
0.6890652263164521
0.6931061697006226
0.6817291390895843
0.6893937182426453
0.6966417717933655
0.6789428269863129
0.7006074857711792
0.6892874228954315
0.682162127494812
0.6857785749435424
0.6878850400447846
0.6856014370918274
0.6896890366077423
0.6949163246154785
0.693692319393158
0.6825451755523682
0.6821035242080689
0.7124231421947479
0.6948024654388427
0.6875388932228088
0.7113569819927216
0.6885631799697876
0.6971770453453064
0.676987475156784
0.7005105292797089
0.6964896476268768
0.6903216075897217
0.6983224976062775
0.6850443267822266
0.6994163417816162
0.6830825126171112
0.6865715706348419
0.684863840341568
0.6801739311218262
0.686320081949234
0.6910202467441559
0.676300791501999
0.683544112443924
0.7034283781051636
0.6897202289104462
0.6998052811622619
0.695719188451767
0.6973704326152802
0.6911359143257141
0.6713013243675232
0.68396204829216
0.6861552619934081
0.6913846290111542
0.6819366371631622
0.7048321509361267
0.6839213693141937
0.6904457449913025
0.6982265150547028
0.7011849904060363
0.6853614819049835
0.6789222133159637
0.6977899730205536
0.6848627316951752
0.6693213903903961
0.696468299627304
0.6846371352672577
0.6976135504245758
0.7040796506404877
0.6915120029449463
0.6883095192909241
0.678834879398346
0.6893352425098419
0.6891877257823944
0.6938127779960632
0.6812348628044128
0.6817535161972046
0.7036500012874604
0.6978428471088409
0.6809403777122498
0.674503561258316
0.6900482046604156
0.6941794121265411
0.6973657739162445
0.6696665024757386
0.678647027015686
0.6919690108299256
0.6938699769973755
0.6936630308628082
0.6895942962169648
0.6790344059467316
0.6962751078605652
0.6869901823997497
0.703964215517044
0.6975870192050934
0.6952528643608094
0.6909211683273315
0.6992725467681885
0.6891468572616577
0.6948662638664246
0.6964475393295289
0.6791345369815827
0.6826381206512451
0.7016529273986817
0.6956854116916656
0.7018687582015991
0.6988565361499787
0.6844774782657623
0.6790702593326569
0.6903668546676636
0.6833535015583039
0.68831214427948
0.6964015138149261
0.6894434750080108
0.6893926870822906
0.6946890974044799
0.6923269402980804
0.7017728185653687
0.6741854190826416
0.6858485686779022
0.6953419852256775
0.6929847466945648
0.6835487794876098
0.698600879907608
0.6941958940029145
0.6941545403003693
0.6782149720191956
0.6894232189655304
0.6994248390197754
0.6859467160701752
0.6888696718215942
0.6887266826629639
0.6891060101985932
0.6974002063274384
0.693608648777008
0.6922955393791199
0.6925262916088104
0.69576904296875
0.6878728151321412
0.6872000432014466
0.6963551831245423
0.6772513043880463
0.6939946687221528
0.6802175533771515
0.6843234002590179
0.6957485055923462
0.6817113173007965
0.6783309233188629
0.6974532032012939
0.6936739659309388
0.6844934940338134
0.6837599575519562
0.6992875719070435
0.691720564365387
0.6930773878097534
0.6855202782154083
0.709878237247467
0.6878932082653045
0.6870157527923584
0.7010694682598114
0.6996881651878357
0.6869105660915374
0.6991992282867432
0.6935793054103851
0.6941595017910004
0.6898066329956055
0.688898001909256
0.6971081936359406
0.6819415044784546
0.6922238659858704
0.6987843257188797
0.6851046562194825
0.6788585460186005
0.6816841423511505
0.6730531120300293
0.6748451238870621
0.6909553050994873
0.7034724903106689
0.7045579814910888
0.6791659557819366
0.6880576944351197
0.6887031412124633
0.6899385726451874
0.6985888957977295
0.6783573794364929
0.6885169970989228
0.6739955079555512
0.6950618863105774
0.6908538055419922
0.6763182985782623
0.6947083592414856
0.6953383374214173
0.6929361951351166
0.691014586687088
0.7044934785366058
0.6827749133110046
0.6853152596950531
0.6941809403896332
0.6934630393981933
0.6827552890777588
0.6919995617866516
0.7071816921234131
0.6748903691768646
0.6894930577278138
0.6825730037689209
0.7004871320724487
0.6850796949863434
0.682949389219284
0.682168618440628
0.6866508722305298
0.7062396132946014
0.6849403190612793
0.6900265657901764
0.8505888640880584
0.693285505771637
0.6811291420459747
0.6983416604995728
0.6870067548751831
0.6911953508853912
0.693760540485382
0.6951989042758941
0.6847211480140686
0.6901106107234954
0.6819541013240814
0.6877582108974457
0.6926218724250793
0.6982495319843293
0.6932690191268921
0.7014315176010132
0.7028972482681275
0.6897975754737854
0.6991895174980164
0.6806480038166046
0.6939018058776856
0.6739237415790558
0.6998201251029968
0.6988683795928955
0.6878118729591369
0.6995947480201721
0.6930419206619263
0.6925047659873962
0.6963532662391663
0.6875795805454255
0.6943329632282257
0.6774583005905152
0.6745935952663422
0.6896813094615937
0.6985214257240295
0.6831617653369904
0.6830215561389923
0.6861638009548188
0.6946416783332825
0.6783637738227845
0.7005406785011291
0.699070473909378
0.6904752385616303
0.707648687362671
0.6874521338939666
0.696819076538086
0.6910711419582367
0.6867014253139496
0.6862808322906494
0.6921976327896118
0.6884807014465332
0.7028928196430206
0.6922811210155487
0.6895865368843078
0.6844604563713074
0.677923834323883
0.6990440368652344
0.6924084854125977
0.6883061182498932
0.691591147184372
0.688670563697815
0.6888255560398102
0.6988075077533722
0.6785093021392822
0.690096800327301
0.6843710160255432
0.68501305103302
0.6942884981632232
0.6932715940475463
0.6836001217365265
0.6873088419437409
0.6925852668285369
0.6812502431869507
0.690771951675415
0.6915715301036834
0.6968353903293609
0.6963050341606141
0.7061168372631073
0.6965416479110718
0.6944436728954315
0.6930758547782898
0.6859933400154113
0.6910083985328674
0.6925438964366912
0.69622927069664
0.6976695823669433
0.6768918228149414
0.6901204919815064
0.6925517773628235
0.6948430585861206
0.6778598320484162
0.6973628628253937
0.6928809082508087
0.6875145649909973
0.6862803649902344
0.6810503780841828
0.6880765378475189
0.6747056150436401
0.6851462066173554
0.689054229259491
0.6964474618434906
0.6994184255599976
0.6788889157772064
0.699334671497345
0.6975418674945831
0.6963038408756256
0.6917263007164002
0.6825892364978791
0.6865746819972992
0.7002393007278442
0.69726034283638
0.6806417763233185
0.6977897727489472
0.7008612275123596
0.6978129076957703
0.6885365605354309
0.6846097087860108
0.6914062309265137
0.6815747785568237
0.6938946366310119
0.6923211276531219
0.6956142675876618
0.7011081528663635
0.689012484550476
0.7091595292091369
0.682758549451828
0.6897325468063354
0.7016750681400299
0.6939173686504364
0.6990035116672516
0.6889786696434022
0.7068975710868836
0.6891481220722199
0.6945808637142181
0.6862471079826356
0.69213702917099
0.693471794128418
0.6882825088500977
0.680165296792984
0.6928330540657044
0.6829792803525925
0.6856743717193603
0.6846935880184174
0.6807095658779144
0.6890740931034088
0.6920513200759888
0.6922994482517243
0.6935119140148163
0.6954412531852722
0.6922768580913544
0.6805086457729339
0.6802958488464356
0.7000216090679169
0.6808226680755616
0.6989427626132965
0.6971992552280426
0.6706043791770935
0.6987530422210694
0.6969414663314819
0.6869036209583282
0.6881302225589753
0.697890373468399
0.6914993393421173
0.6914934301376343
0.6774976146221161
0.6929375112056733
0.6959213399887085
0.6977060055732727
0.6970924484729767
0.6970693147182465
0.6923700058460236
0.688313444852829
0.6868241608142853
0.7031701970100402
0.6886546468734741
0.6909346163272858
0.6942441987991333
0.6886550283432007
