5.176628603935241
5.320602431297302
5.365194988250733
5.844000415802002
4.941236736774445
4.886015419960022
4.66999673128128
5.5934322285652165
5.386882140636444
5.345682599544525
5.721873078346253
6.040878391265869
5.2770454454422
4.8179350757598876
5.279172804355621
5.644571115970612
5.8358306050300595
4.70394914150238
4.6446536755561825
4.884244718551636
5.017863669395447
5.27830020904541
5.321926627159119
5.416479549407959
5.051271076202393
5.270401034355164
5.18788015127182
5.088289563655853
4.503753778934478
5.064140598773957
5.040087747573852
4.830383307933808
5.096791362762451
4.72701642036438
4.720057470798492
4.6867626285552975
4.198615686893463
4.128032922744751
4.342424004077912
4.1530704164505
4.7153839898109435
3.7763516664505006
4.396473605632782
4.579493618011474
4.2164185118675235
3.841524658203125
4.304882242679596
4.22508633852005
4.30407883644104
4.3335360455513
4.203771619796753
4.239898889064789
3.6657592463493347
4.612969353199005
4.340752971172333
4.046400423049927
4.804285309314728
3.8675611281394957
3.888141670227051
3.9015358090400696
3.2219326949119567
4.2426864266395565
3.808851903676987
3.908912711143494
3.2535963964462282
4.360394771099091
3.1731983852386474
3.5976146912574767
3.611988283395767
4.142856996059418
3.7880977725982667
3.4954378700256346
3.712918496131897
3.48135161280632
3.69815132856369
3.327537786960602
3.85423259139061
3.49159991979599
3.3083975648880006
3.5179140734672547
3.35374005317688
3.117525725364685
3.3877459359169007
3.537827832698822
3.4476940059661865
3.6062625885009765
3.534936366081238
3.2306321024894715
2.920368378162384
3.389077112674713
2.854012131690979
2.9074808859825136
3.21711732506752
3.390462715625763
3.1299712538719175
3.050225925445557
2.978456301689148
2.926923921108246
3.3687668681144713
3.0541368556022643
2.778453848361969
3.2825681829452513
2.9245374536514284
2.8472234344482423
3.1320398545265196
3.2596964013576506
2.6890105378627776
3.0207719469070433
3.0802075481414795
2.812564535140991
3.05720752954483
2.825943183898926
2.6676737785339357
2.9660677194595335
2.992067103385925
2.941611988544464
2.877959125041962
2.703453198671341
2.7785506677627563
2.702016534805298
2.826164846420288
2.4674744522571563
3.202900824546814
2.694312539100647
2.59977902173996
2.658065357208252
2.7721914792060853
2.7672846627235415
2.8576050758361817
2.8918305802345277
2.6942602133750917
2.613522114753723
2.5995970296859743
2.7921018481254576
2.725750720500946
2.5380881071090697
2.6089973628520964
2.6038804447650907
2.579146658182144
2.395314567089081
2.7588127708435057
2.7524668049812315
2.438489410877228
2.9312481200695037
2.611871054172516
2.4099905705451965
2.521086093187332
2.9012506413459778
2.5885282588005065
2.6913775753974916
2.622735537290573
2.7216276836395266
2.545163116455078
2.562580897808075
2.798359090089798
2.9121341776847838
2.3797377729415894
2.845928604602814
2.5338234663009644
2.645804829597473
2.44714412689209
2.41173810005188
2.6927881979942323
2.388792929649353
2.7577853846549987
2.719486963748932
2.55684547662735
2.497803692817688
2.471575598716736
2.7011562252044676
2.788142511844635
2.3488989877700805
2.6813457679748534
2.5404824090003966
2.806841268539429
2.499424362182617
2.5774019813537596
2.634569625854492
2.593293342590332
2.6126943361759185
2.7684025144577027
2.772702374458313
2.783266977071762
2.500087835788727
2.839915380477905
2.4274253070354463
2.740807223320007
2.4979270005226137
2.468785591125488
2.7987671649456023
2.5905867123603823
2.5414636874198915
2.7304480934143065
2.561358754634857
2.6878070044517517
2.5415680515766144
2.4606398797035216
2.6370563912391662
2.6038340282440187
2.411667172908783
2.378171169757843
2.749055361747742
2.472105703353882
2.728858804702759
2.8132902646064757
2.7323332905769346
2.6678250098228453
2.579322679042816
2.6389742255210877
2.8748301005363466
2.5156489396095276
2.6079486775398255
2.823032970428467
2.4787484860420226
2.892116463184357
2.2124049830436707
2.7712255573272704
2.857388206720352
2.5014400458335877
2.7256396317481997
2.5306936287879944
2.4931189131736757
2.626817841529846
2.788590965270996
2.5232194781303408
2.4140802311897276
2.513376047611237
2.484916740655899
2.592501779794693
2.373042743206024
2.4590797126293182
2.684269027709961
2.4914095902442934
2.652370753288269
2.6418557476997377
2.6290871715545654
2.725830817222595
2.753762559890747
2.505178108215332
2.403343467712402
2.556465060710907
2.497491493225098
2.902848870754242
2.589920823574066
2.506422083377838
2.8330411028862
2.6123715257644653
2.59564266204834
2.5816750359535217
2.6484946465492247
2.7015729403495787
2.7331350326538084
2.3605466151237486
2.557779426574707
2.551322499513626
2.469527895450592
2.590630257129669
2.411197085380554
2.416864868402481
2.6179617643356323
2.585667326450348
2.4776337909698487
2.698126058578491
2.5807328605651856
2.681884217262268
2.3748710441589354
2.61662917137146
2.39322509765625
2.7418707036972045
2.634520344734192
2.6368667423725127
2.6258779311180116
2.4951826667785646
2.634623119831085
2.3923876595497133
2.410471078157425
2.411018991470337
2.6676676726341246
2.3703130006790163
2.5108816862106322
2.7510269236564637
2.4093376171588896
2.5725033688545227
2.5557132530212403
2.72379207611084
2.6344982290267946
2.4054558169841767
2.671825238466263
2.4418221056461333
2.6773327708244326
2.56962726354599
2.534602086544037
2.596328897476196
2.6843928444385527
2.8107279217243195
2.525022712945938
2.3961128258705138
2.333102527856827
2.8804265999794008
2.7360219240188597
2.429597713947296
2.4832947134971617
2.45875506401062
2.6109294056892396
2.613057644367218
2.3903012228012086
2.572244427204132
2.5621792602539064
2.6083631801605223
2.589879720211029
2.677308189868927
2.2589541697502136
2.566915555000305
2.602052161693573
2.6830518555641176
2.2013589584827424
2.6463950729370116
2.563467857837677
2.5017518639564513
2.5497075939178466
2.5651392221450804
2.7348361349105836
2.634912538528442
2.4819586992263796
2.5499788129329684
2.611543662548065
2.2887264668941496
2.579368646144867
2.6337611305713655
2.4996141147613526
2.6662659215927125
2.4929892230033874
2.717771518230438
2.643400483131409
2.5482239747047424
2.5287511587142943
2.65723170042038
2.5212624871730807
2.4797235202789305
2.4779622864723208
2.652694561481476
2.606304340362549
2.5404132807254793
2.567815318107605
2.816035740375519
2.474326856136322
2.680448727607727
2.739566686153412
2.3696638691425322
2.51405136346817
2.6503714728355408
2.6760815811157226
2.4448880195617675
2.5410990166664122
2.4346895456314086
2.6557246327400206
2.3876168620586395
2.4684921002388
2.5222520136833193
2.570188937187195
2.733835153579712
2.7755812287330626
2.56112748503685
2.521818380355835
2.5345435786247252
2.4669644010066984
2.4988500225543975
2.5094176840782167
2.6474880933761598
2.636994960308075
2.6141012072563172
2.6360757791996003
2.5794827818870543
2.395815291404724
2.627082897424698
2.6697004675865172
2.5993122053146362
2.5069542467594146
2.715104742050171
2.649716305732727
2.4844583785533905
2.4333388483524323
2.388022404909134
2.2925167584419253
2.500141625404358
2.6180755734443664
2.4737968254089355
2.606566598415375
2.625351643562317
2.628449718952179
2.504648280143738
2.7946114802360533
2.5493763053417204
2.5585799479484557
2.562135525941849
2.3219055986404418
2.6247047281265257
2.567076780796051
2.498995486497879
2.49210978269577
2.7067493486404417
2.4862486910820008
2.5746274971961975
2.501652147769928
2.534882664680481
2.592511839866638
2.4754980611801147
2.7563861167430876
2.6908399057388306
2.7196235275268554
2.5991846561431884
2.598278212547302
2.5207167625427247
2.203411771059036
2.425425009727478
2.4173746418952944
2.5335425424575804
2.6865233397483825
2.3480737376213074
2.5533226561546325
2.435313868522644
2.4277489829063414
2.523434066772461
2.444006494283676
2.619391875267029
2.663324065208435
2.473606593608856
2.3692522501945494
2.379336881637573
2.2634732043743133
2.515168913602829
2.335332417488098
2.7453554463386536
2.4314507102966307
2.4816643095016477
2.578856999874115
2.485600929260254
2.44030668258667
2.5086782014369966
2.5986811685562134
2.607287564277649
2.5099071931838988
2.622148973941803
2.5303495740890503
2.5160443782806396
2.570769419670105
2.431741018295288
2.6221259665489196
2.6238868117332457
2.8359944152832033
2.483440427780151
2.610850005149841
2.4531580209732056
2.6585458755493163
2.576626856327057
2.548006498813629
2.3533062529563904
2.625942943096161
2.5275288152694704
2.677431058883667
2.5101084542274474
2.6111468863487244
2.726845991611481
2.4793882274627688
2.5601829302310946
2.6978251695632935
2.7323651242256166
2.4602460086345674
2.4270231032371523
2.5537571442127227
2.9124837350845336
2.7366985380649567
2.4978178000450133
2.622039855718613
2.5362823152542116
2.4500086665153504
2.447666356563568
2.4216482746601105
2.7313789534568786
2.606776485443115
2.595776414871216
2.500662639141083
2.508568915128708
2.576852233409882
2.7317975759506226
2.552847999334335
2.6300849652290346
2.538919675350189
2.4123933720588684
2.5418572068214416
2.5951887655258177
2.698187153339386
2.770004949569702
2.837703173160553
2.6010514640808107
2.5511252808570863
2.4243638038635256
2.561805648803711
2.4352161717414855
2.7306186628341673
2.6676712000370024
2.359464101791382
2.3375895404815674
2.5294160270690917
2.4507327592372894
2.464945431947708
2.520118525028229
2.6167435312271117
2.57625652551651
2.397090775966644
2.4905740332603457
2.4924742341041566
2.2506540846824645
2.3686610007286073
2.533973963260651
2.303903867006302
2.642238266468048
2.3583151078224183
2.697220230102539
2.611793043613434
2.5175115633010865
2.8015116596221925
2.7442962980270384
2.3559058713912964
2.430153715610504
2.7255979454517365
2.5083500957489013
2.487680108547211
2.7903085470199587
2.9005737495422363
2.263181483745575
2.651319010257721
2.630751441717148
2.5606115102767943
2.5509039115905763
2.3054500126838686
2.5691051745414732
2.5730958008766174
2.4752716958522796
2.5938186228275297
2.233460021018982
2.5715665435791015
2.4823170697689054
2.8614966654777527
2.546927099227905
2.3197084522247313
2.2761775517463683
2.5649453914165496
2.5156343364715577
2.721641438007355
2.708205933570862
2.6541416573524477
2.5406898522377013
2.470110596418381
2.685237228870392
2.438050479888916
2.53770721912384
2.509914503097534
2.4768692326545714
2.5481188750267028
2.5851123869419097
2.5421773767471314
2.537735116481781
2.741318461894989
2.721030991077423
2.6423823738098147
2.3632716727256775
2.49956191778183
2.5904692256450654
2.4465336537361146
2.5076220273971557
2.596055219173431
2.356822862625122
2.8735265731811523
2.5447016167640686
2.55463387966156
2.5927691984176637
2.736115140914917
2.456123276948929
2.5598724818229677
2.4941071176528933
2.535864706039429
2.2494660663604735
2.5739024329185485
2.5316906118392946
2.5573828089237214
2.277421602010727
2.723407483100891
2.4316723597049714
2.495113289356232
2.5469259881973265
2.666427013874054
2.684128316640854
2.467842346429825
2.6963129568099977
2.5557488584518433
2.6013086891174315
2.388034235239029
2.5318563556671143
2.56311190366745
2.537464759349823
2.64751651763916
2.528012547492981
2.3860954415798186
2.5525356912612915
2.4366962265968324
2.7231953978538512
2.719045400619507
2.6596674060821535
2.542313029766083
2.539013954401016
2.5633003056049346
2.7137368869781495
2.4896584701538087
2.8083387303352354
2.5734564673900606
2.5896769189834594
2.299484307765961
2.791726815700531
2.6563114809989927
2.4487335586547854
2.415786467790604
2.5101868510246277
2.5339719474315645
2.5153568506240847
2.77379287481308
2.5615689182281494
2.6674879121780397
2.4192740881443022
2.6298819398880005
2.5148886930942536
2.5201437163352964
2.514443836212158
2.4684412479400635
2.5028404104709625
2.5649723601341248
2.6686975491046905
2.634936091899872
2.6542996668815615
2.493339468240738
2.581807700395584
2.9422134923934937
2.606102306842804
2.72257945895195
2.5690112280845643
2.417489082813263
2.4571022415161132
2.556604379415512
2.6161392617225645
2.6125518107414245
2.5785593926906585
2.683791823387146
2.7368556571006777
2.5155589509010317
2.5225591015815736
2.3718348932266236
2.55210862159729
2.5110589146614073
2.4008850693702697
2.7311915874481203
2.5049208068847655
2.3709198093414305
2.5095585811138155
2.6629988837242125
2.3736301171779632
2.4438628470897674
2.6277868437767027
2.4806479132175445
2.3785332763195037
2.5435078287124635
2.6150497567653654
2.704397432804108
2.5408431768417357
2.3807627713680266
2.432165275812149
2.5370983362197874
2.5945975542068482
2.4270738160610197
2.6670904994010924
2.4031446528434754
2.624139144420624
2.5458730053901673
2.640182042121887
2.530498445034027
2.6029710793495178
2.5208834838867187
2.475720994472504
2.556189352273941
2.380795304775238
2.544301005601883
2.701953122615814
2.5839791464805604
2.435444118976593
2.748494622707367
2.3665699660778046
2.7992451560497282
2.2522452092170715
2.4871367025375366
2.5524144649505613
2.740583553314209
2.3806562185287476
2.5287212324142456
2.438130114078522
2.7370530486106874
2.698844304084778
2.4903975427150726
2.515889608860016
2.4985105001926424
2.6131503331661223
2.4590998125076293
2.5277022087574004
2.501133872270584
2.869483126401901
2.3068927192687987
2.5199471640586855
2.5519247210025786
2.7413177466392518
2.758260964155197
2.5781181192398073
2.217955631017685
2.407820335626602
2.3809130811691284
2.3888175225257875
2.582176489830017
2.432724494934082
2.2752929270267486
2.9066693449020384
2.6646828842163086
2.5385756313800814
2.534154622554779
2.5220142507553103
2.7403925931453705
2.512291495800018
2.5725435161590577
2.6979269123077394
2.6000664293766023
2.377488236427307
2.5646268129348755
2.70816780090332
2.7036078548431397
2.3434720849990844
2.570862843990326
2.8051272511482237
2.4851584804058073
2.351611404418945
2.6787526059150695
2.5043546283245086
2.416854507923126
2.6239493083953858
2.5946266627311707
2.4869594383239746
2.5632921624183655
2.4906796395778654
2.2465914034843446
2.484123213291168
2.4565095996856687
2.577002956867218
2.719635510444641
2.724183759689331
2.424855748414993
2.497839834690094
2.4692290019989014
2.5730325102806093
2.369054788351059
2.5974893164634705
2.5892819333076478
2.360765197277069
2.2807221364974977
2.4738236594200136
2.595614275932312
2.3905934464931486
2.470597231388092
2.607586181163788
2.5565566873550414
2.5233485424518585
2.5941833674907686
2.2718342101573943
2.6081396341323853
2.571328089237213
2.7449836671352386
2.6334225821495054
2.2967916750907897
2.566284795999527
2.201374534368515
2.6082537364959717
2.6372929978370667
2.6422478318214417
2.6225004482269285
2.519798321723938
2.661384584903717
2.6038768982887266
2.645477294921875
2.712690439224243
2.5217235112190246
2.6739281821250915
2.545082681179047
2.2846253943443298
2.341551251411438
2.6180123853683472
2.6606700730323793
2.426899766921997
2.483452167510986
2.471887763738632
2.585049388408661
2.6288432812690736
2.305950083732605
2.5460391497612
2.470030311346054
2.4987538278102877
2.415544662475586
2.75599622964859
2.491552836894989
2.4687796092033385
2.360920981168747
2.731286153793335
2.637390990257263
2.428741284608841
2.526102378368378
2.571956942081451
2.657213735580444
2.225719380378723
2.471241228580475
2.524843314886093
2.48674636721611
2.690077142715454
2.3903764367103575
2.6850237131118773
2.3657382810115815
2.5660548996925354
2.4658621549606323
2.5356999945640566
2.24689918756485
2.8664269161224367
2.6920215034484865
2.440671970844269
2.5125107836723326
2.6448201262950897
2.5903339552879334
2.4120248055458067
2.555342288017273
2.6763014149665834
2.4802617168426515
2.618945676088333
2.23734494805336
2.3726964926719667
2.3421892619132993
2.5866408455371857
2.5729990148544313
2.481072691679001
2.6761687994003296
2.6568946695327758
2.6445399141311645
2.330677101612091
2.641236379146576
2.6057851016521454
2.5215839385986327
2.4557587838172914
2.483959355354309
2.397353674173355
2.471166570186615
2.531164481639862
2.6383405327796936
2.755249900817871
2.4237697565555574
2.4141594982147216
2.6724741995334624
2.537507907152176
2.369391028881073
2.4954335999488833
2.4431409668922424
2.5852958869934084
2.604820487499237
2.4010160160064697
2.4908197999000548
2.391038548946381
2.4211771988868716
2.553702561855316
2.410779631137848
2.6653993773460387
2.657932147979736
2.32921511888504
2.5923567152023317
2.304563674926758
2.5986654019355773
2.649572286605835
2.4594038844108583
2.4558909797668456
2.707773218154907
2.4201462280750277
2.5436086797714235
2.4047968208789827
2.678031225204468
2.665406656265259
2.4232355761528015
2.401338051557541
2.652301514148712
2.466680887937546
2.4144532454013823
2.529745417833328
2.46240273475647
2.4871368193626404
2.485489296913147
2.518529212474823
2.5344706749916077
2.5918575417995453
2.4012615370750425
2.442065873146057
2.23285138130188
2.5831138682365418
2.4459812438488004
2.668135311603546
2.3068645930290224
2.3827763319015505
2.379221554994583
2.640195664167404
2.6849903774261477
2.4072576224803925
2.4628396463394164
2.831729688644409
2.4452736306190492
2.5624857652187347
2.4577661848068235
2.488533523082733
2.475966281890869
2.5312217473983765
2.5709031629562378
2.5745193719863892
2.6234687328338624
2.4141945242881775
2.4486791563034056
2.244029107093811
2.644033328294754
2.4007428872585295
2.4864987349510193
2.5049822664260866
2.5115866470336914
2.7329322242736818
2.5114325320720674
2.4017350578308108
2.54159964799881
2.549815549850464
2.694395668506622
2.3981178891658783
2.4340889537334442
2.439703891277313
2.4806602454185485
2.4279467272758484
2.6592281460762024
2.5870092630386354
2.5104088377952576
2.3060446310043337
2.529258358478546
2.6115328335762023
2.594230854511261
2.649181444644928
2.2969818472862245
2.6509344673156736
2.6571462643146515
2.54550786614418
2.5509948348999023
2.2241348588466643
2.525805743932724
2.474080399274826
2.4831032383441927
2.4826246166229247
2.547064790725708
2.3611122226715087
2.3036314916610716
2.549096615314484
2.5780766105651853
2.635647075176239
2.5117660641670225
2.9431644964218138
2.4491871333122255
2.688417658805847
2.656101977825165
2.6556886339187624
2.4097904336452483
2.4164767456054688
2.541625738143921
2.751474838256836
2.3640814638137817
2.429195122718811
2.5395034337043763
2.4938395082950593
2.4173029470443725
2.433640508651733
2.3612765967845917
2.5061664676666258
2.5337483382225034
2.4179863953590393
2.5157033622264864
2.4875134897232054
2.520374798774719
2.408355919122696
2.2754072403907775
2.4912498331069948
2.4649510407447814
2.378851308822632
2.570566010475159
2.6681188225746153
2.4640501856803896
2.5537896585464477
2.572090709209442
2.7693097400665283
2.551691910028458
2.680660743713379
2.4012617540359495
2.475127332210541
2.5996579003334044
2.447433054447174
2.6629210567474364
2.4680248403549196
2.471202006340027
2.4307373249530793
2.579025526046753
2.589957367181778
2.5226522743701936
2.3611176872253417
2.490115942955017
3.1442642724514007
2.500789635181427
2.470857403278351
2.4423160624504088
2.252825667858124
2.295494978427887
2.6656167936325073
2.34600284576416
2.321608877182007
2.4776488971710204
2.515325802564621
2.298289294242859
2.304898295402527
2.2412536585330964
2.378011437654495
2.464501608610153
2.43927549123764
2.3267154610157013
2.3507642674446108
2.306399824619293
2.3000790643692017
2.402244778871536
2.464562338590622
2.335931363105774
2.14178964138031
2.200288393497467
2.3541220831871033
2.2708585476875305
2.194417886734009
2.53136727809906
2.56138069152832
2.587381763458252
2.271990876197815
2.3022313892841337
2.675709671974182
2.3438468647003172
2.425954053401947
2.5730660486221315
2.504582246541977
2.6038665556907654
2.3992688417434693
2.1468884813785554
2.3386799705028536
2.5959734928607943
2.5803485536575317
2.4242803621292115
2.283588056564331
2.2843895244598387
2.4663616490364073
2.3352076816558838
2.279394998550415
2.218880774974823
2.2887540245056153
2.4782769119739534
2.5297336184978487
2.368621339797974
2.264400019645691
2.5508665692806245
2.3325738978385924
2.310970799922943
2.3535961842536928
2.3073396062850953
2.522761516571045
2.277508076429367
2.5029094851017
2.4590653133392335
2.418343971967697
2.4831144082546235
2.507766602039337
2.5338534688949585
2.406345934867859
2.2504652416706086
2.171182270050049
2.617139995098114
2.528359642028809
2.177378669977188
2.3010683631896973
2.3026426792144776
2.3148220682144167
2.384024114608765
2.3920674216747284
2.424446325302124
2.503206776380539
2.1248518991470338
2.1366918992996218
2.4189551281929016
2.368221974372864
2.2921651887893675
2.3642295813560485
2.4793118500709532
2.465562582015991
2.380086829662323
2.3648112869262694
2.3790627670288087
2.3224777007102966
2.4998109579086303
2.4339844572544096
2.364262707233429
2.4076372945308684
2.2957468938827517
2.2210075843334196
2.390650095939636
2.3848515713214873
2.735752878189087
2.3831681656837462
2.427284381389618
2.3050516402721404
2.3103255653381347
2.261572988033295
2.4174908781051636
2.304539268016815
2.529652556180954
2.5003950667381285
2.4182880997657774
2.3422441446781157
2.3651610481739045
2.407309956550598
2.4747677731513975
2.3694146943092345
2.371507315635681
2.4407688784599304
2.384539861679077
2.202822911739349
2.429026423692703
2.5537776589393615
2.3006201934814454
2.485398339033127
2.251866853237152
2.2888635873794554
2.2336956894397737
2.558386309146881
2.5094333410263063
2.398447744846344
2.4236889469623564
2.38119043469429
2.224375765323639
2.3945775306224824
2.392299473285675
2.3528434348106386
2.187376003265381
2.283404611349106
2.2750985765457155
2.4615171575546264
2.497682554721832
2.3875042498111725
2.3932500076293945
2.5009213942289352
2.4126221573352815
2.2858223009109495
2.4715486299991607
2.2572401762008667
2.203673857450485
2.3503346574306487
2.284010560512543
2.438179601430893
2.6329482161998747
2.619670584201813
2.3552016282081603
2.2104855942726136
2.2899890899658204
2.377923483848572
2.439299912452698
2.273112690448761
2.679146101474762
2.5314587604999543
2.3850430607795716
2.2916061449050904
2.412418007850647
2.7991657638549805
2.312878113985062
2.363606324195862
2.6934772872924806
2.644513921737671
2.5595657062530517
2.4007267498970033
2.5356143069267274
2.6324342560768126
2.6815565311908722
2.5465331256389616
2.2377981162071228
2.4994733011722565
2.455289078950882
2.415678331851959
2.451485481262207
2.2830664038658144
2.487939462661743
2.256940120458603
2.420361568927765
2.6825309729576112
2.4814137530326845
2.4155743432044985
2.336967010498047
2.3668326938152315
2.500001410245895
2.5835213196277618
2.1889546275138856
2.061874873638153
2.2669423854351045
2.2615260708332063
2.4103907358646395
2.4493908965587616
2.298555413484573
2.229379494190216
2.383695303201675
2.237465651035309
2.2081215596199035
2.4221008014678955
2.348009444475174
2.380920045375824
2.354985246658325
2.2213343954086304
2.4685439395904543
2.3222315299510954
2.316535768508911
2.3761565744876862
2.3256377613544466
2.4273045718669892
2.366549415588379
2.2874334764480593
2.2774176275730134
2.4111522006988526
2.5581348299980164
2.5365502047538757
2.4500356578826903
2.506918475627899
2.3563550972938536
2.190516570806503
2.1310010814666747
2.299164320230484
2.41094797372818
2.3964293467998505
2.5366196286678315
2.3518720984458925
2.3969245862960817
2.2495683240890503
2.279555103778839
2.243187577724457
2.2607853507995603
2.3391398966312407
2.348607499599457
2.5076995158195494
2.268646092414856
2.3228441715240478
2.2565813064575195
2.398677234649658
2.411945250034332
2.252117085456848
2.211842713356018
2.212508029937744
2.0489123463630676
2.3059307622909544
2.4025572752952575
2.2316231071949004
2.1964850187301637
2.131991300582886
2.179616060256958
2.2686041712760927
2.308827018737793
2.54748397231102
2.4275474762916565
2.415063045024872
2.210768814086914
2.4162554895877837
2.296324698925018
2.2790346682071685
2.239834761619568
2.4642592883110046
2.61111248254776
2.261619336605072
2.421692278385162
2.3828944182395935
2.388019649982452
2.4006863653659822
2.297348927259445
2.313282617330551
2.5235405600070955
2.5235100483894346
2.252043693065643
2.3614888298511505
2.413014054298401
2.5270448327064514
2.2632185101509092
2.3604256784915925
2.4235564494132995
2.216319899559021
2.3656242418289186
2.498222622871399
2.2713451099395754
2.5140619254112244
2.6335537314414976
2.364049872159958
2.4126821088790895
2.4603347778320312
2.2697514271736146
2.245829573869705
2.185461039543152
2.3478602290153505
2.552662978172302
2.398561178445816
2.2986154234409333
2.3296675169467926
2.475722873210907
2.509591821432114
2.3281112468242644
2.14992275595665
2.274179744720459
2.1095996499061584
2.4938524675369265
2.38477285861969
2.5984941124916077
2.500238072872162
2.294457232952118
2.5109103929996492
2.227246582508087
2.1805949711799624
2.5415056335926054
2.4020569241046905
2.3686465787887574
2.315789797306061
2.5537346959114076
2.3632860207557678
2.4080084574222567
2.3808244109153747
2.214819893836975
2.210926375389099
2.447135684490204
2.41380624294281
2.073435192108154
2.381810266971588
2.1256643891334535
2.3749271774291993
2.309061679840088
2.31180468916893
2.4660375046730043
2.3122430074214937
2.447740049362183
2.2187906098365784
2.5148380541801454
2.398046314716339
2.429366397857666
2.3983387613296507
2.2021192932128906
2.34861597776413
2.3767303812503813
2.299529457092285
2.4338656282424926
2.4999194753170015
2.383461797237396
2.2661692893505094
2.2075140368938446
2.408964749574661
2.299474320411682
2.2250159430503844
2.289085730314255
2.38990589261055
2.516743903160095
2.5016532158851623
2.2484822487831115
2.2496301198005675
2.341849378347397
2.380480977296829
2.3180633652210236
2.3221940326690675
2.3322095334529878
2.2014594423770903
2.5408238887786867
2.4986490488052366
2.3772174751758577
2.3354761707782745
2.3891910481452943
2.4823365569114686
2.4617113661766052
2.4376262319087982
2.372279626131058
2.5503499722480774
2.300714943408966
2.3342328214645387
2.3153737819194795
2.2565706539154053
2.4519166851043703
2.383900521993637
2.3302687907218935
2.1837234437465667
2.321798622608185
2.4443306517601013
2.4589056968688965
2.5014826679229736
2.324344129562378
2.238858423233032
2.1885729169845582
2.41781081199646
2.320350968837738
2.378113926649094
2.4680258512496946
2.1219282972812654
2.485380011796951
2.3128130424022673
2.369824699163437
2.658301498889923
2.4630488848686216
2.3321830081939696
2.287448627948761
2.449106549024582
2.1817994594573973
2.3331418478488923
2.562594383955002
2.4067000198364257
2.274537901878357
2.468305594921112
2.170568811893463
2.25800363779068
2.542936136722565
2.5152105855941773
2.2865772354602814
2.42807235956192
2.34516592502594
2.399780181646347
2.4789309132099153
2.3072812396287916
2.4374228060245513
2.333947696685791
2.3168928146362306
2.2122889149188993
2.416758624315262
2.265467071533203
2.245025932788849
2.5624632477760314
2.4641037464141844
1.9913698756694793
2.4158406805992128
2.562131929397583
2.4404719567298887
2.4913736152648926
2.329932038784027
2.452954657077789
2.3978290343284607
2.235905011892319
2.341208472251892
2.2351038694381713
2.285711855888367
2.4046126759052275
2.1947315204143525
2.397048454284668
2.4243247413635256
2.5206300806999207
2.488754913806915
2.1763543558120726
2.3194090509414673
2.1851246058940887
2.238416452407837
2.3885752081871034
2.312625879049301
2.2223557984828948
2.2070782268047333
2.4675326132774353
2.351913414001465
2.2211905884742738
2.5165191328525545
2.2903481137752535
2.261595950126648
2.276302890777588
2.3288488364219666
2.4099715530872343
2.4445333600044252
2.464663187265396
2.3610118937492373
2.3071986508369444
2.536698839664459
2.536049854755402
2.1680933094024657
2.1917745590209963
2.3367740511894226
2.24775230884552
2.3496396732330322
2.406133677959442
2.113335460424423
2.283845874071121
2.2889798188209536
2.3748182702064513
2.130141229629517
2.579174699783325
2.172445659637451
2.489983263015747
2.4553230130672454
2.308276215791702
2.2899467277526857
2.2653348457813265
2.428812839984894
2.572493598461151
2.467523949146271
2.155250445604324
2.3427291989326475
2.197267084121704
2.347725045681
2.377218611240387
2.3604820024967195
2.379116064310074
2.6976630663871766
2.219525429010391
2.418154978752136
2.3705480921268465
2.4025677013397218
2.4370052933692934
2.2765552401542664
2.1765554308891297
2.550484576225281
2.354645617008209
2.320769872665405
2.4559817576408385
2.223020272254944
2.3352709186077116
2.3924256658554075
2.3091822969913482
2.4268197917938235
2.3445646744966506
2.2624695658683778
2.3261148989200593
2.3161047673225403
2.438456928730011
2.2562356889247894
2.3209924626350404
2.708711428642273
2.299763798713684
2.287277003526688
2.4277614724636076
2.3270257818698883
2.329805119037628
2.4855196380615237
2.499509544372559
2.3372554397583007
2.5932058811187746
2.135266842842102
2.203387825489044
2.3999009108543397
2.494381766319275
2.3767422342300417
2.4574807858467103
2.543223865032196
2.3430412971973418
2.428189225196838
2.378959646224976
2.0652538526058195
2.314725557565689
2.2492533779144286
2.1663952016830446
2.3382850325107576
2.417817316055298
2.1929323613643645
2.394885551929474
2.381601159572601
2.4434091949462893
2.298363490104675
2.4199820375442505
2.3677676200866697
2.5133298206329346
2.3900492799282076
2.5648634004592896
2.3273693418502805
2.487837326526642
2.6096009719371795
2.205877046585083
2.2256363320350645
2.3524203300476074
2.407664506435394
2.534864362478256
2.371487810611725
2.201043739318848
2.2634884560108186
2.149826318025589
2.3471952044963835
2.5854740071296693
2.4624447095394135
2.3236678206920622
2.328076876401901
2.5813866698741914
2.460058569908142
2.225693027973175
2.40172415971756
2.4150506901741027
2.2814150750637054
2.4079514241218565
2.355771008729935
2.3907823634147642
2.281335484981537
2.191959360837936
2.3499721920490266
2.3874321389198303
2.1913597333431243
2.3525749051570894
2.3060595178604126
2.2853761863708497
2.432151205539703
2.208614673614502
2.3416207683086396
2.347714904546738
2.3087407994270324
2.4310574567317964
2.288770086765289
2.637078113555908
2.337256157398224
2.2700526797771454
2.4129357171058654
2.418942469358444
2.3472612142562865
2.3454079139232635
2.375407087802887
2.3780162143707275
2.2072573101520536
2.294938780069351
2.4591825258731843
2.449157897233963
2.2852633714675905
2.4123269176483153
2.489184522628784
2.2302387702465056
2.431978695392609
2.4715795040130617
2.4597832059860227
2.2726125431060793
2.35607652425766
2.5081299781799316
2.3529043877124787
2.427826552391052
2.2952638041973112
2.3403469252586366
2.2720395350456237
2.304050314426422
2.243781862258911
2.1385098695755005
2.209146293401718
2.4225851559638976
2.4167405462265013
2.2267272770404816
2.3412373065948486
2.1626915490627288
2.5490163135528565
2.220908770561218
2.5620829677581787
2.381609910726547
2.335905611515045
2.281150015592575
2.371316344738007
2.5707760429382325
2.1664539122581483
2.4067904961109163
2.3757738864421842
2.3786281859874725
2.437598341703415
2.4474892830848693
2.41407341837883
2.4256029653549196
2.432923400402069
2.2979744505882262
2.431750419139862
2.3895069766044617
2.5902415990829466
2.2989561200141906
2.180775544643402
2.4983028864860533
2.2267068910598753
2.3009638035297395
2.591447274684906
2.506468517780304
2.4232990074157716
2.3139319133758547
2.286439847946167
2.312901585102081
2.6687326467037202
2.235335636138916
2.593879244327545
2.1685518443584444
2.1259776020050047
2.3190097773075102
2.2718640422821044
2.3541783714294433
2.2435697150230407
2.38249559879303
2.5266198086738587
2.517054831981659
2.292519211769104
2.4701957941055297
2.379008185863495
2.4196104788780213
2.54128627538681
2.40486009478569
2.382327672243118
2.4258606994152068
2.3403301811218262
2.4341313540935516
2.4394781970977784
2.2725910925865174
2.477960364818573
2.2665291845798494
2.2280061662197115
2.4350860941410066
2.3496829295158386
2.323198837041855
2.286826182603836
2.566004717350006
2.4372630512714384
2.3497061479091643
2.2443843507766723
2.2647511649131773
2.3010664582252502
2.274401285648346
2.430769989490509
2.342461333274841
2.2017629766464233
2.281643705368042
2.253142092227936
2.3355005300045013
2.230235140323639
2.1183635091781614
2.326244796514511
2.6586118841171267
2.3802718722820284
2.3073235046863556
2.1504756021499634
2.169113590717316
2.189103574752808
2.2090295475721358
2.161996282339096
2.2796023857593535
2.143219608068466
2.5357035040855407
2.3312706220149995
2.3717775392532348
2.3644551062583923
2.547122658491135
2.1996555733680725
2.164472712278366
2.2510484313964843
2.182705680131912
2.4373849701881407
2.3193166518211363
2.370313129425049
2.2428249454498292
2.2903799319267275
2.2850119709968566
2.289500632286072
2.463146302700043
2.609666922092438
2.2062534177303315
2.297493544816971
2.56559471487999
2.6831447434425355
2.4437226843833924
2.350133774280548
2.511055359840393
2.3712884724140166
2.219627366065979
2.4329627001285554
2.4180977892875672
2.2300295543670656
2.464252645969391
2.3573703134059905
2.5384111547470094
2.3699937629699708
2.3075518929958343
2.161263036727905
2.3724938261508943
2.5295328640937806
2.2855577778816225
2.2630816078186036
2.5109629607200623
2.232413493394852
2.3083193063735963
2.46496546626091
2.3819399178028107
2.318984649181366
2.3453052580356597
2.290581194162369
2.3147974395751953
2.417624819278717
2.2392749881744383
2.1073534905910494
2.277829395532608
2.379510905742645
2.329248811006546
2.394494037628174
2.3769905591011047
2.253612996339798
2.2658294439315796
2.3791684138774873
2.418368960618973
2.47314475774765
2.2872706508636473
2.2146956610679625
2.4463485407829286
2.467801582813263
2.2510165333747865
2.3308073151111603
2.3874369633197783
2.0896107375621797
2.273548208475113
2.4389640462398527
2.3886116790771483
2.3581472969055177
2.3357383370399476
2.357365643978119
2.183784317970276
2.6128404998779295
2.457973642349243
2.358594958782196
2.52389501452446
2.4311211490631104
2.3076058876514436
2.4421831440925597
2.2612765884399413
2.544196193218231
2.521165758371353
2.3453713607788087
2.6383113050460816
2.34211434841156
2.505424816608429
2.3141945147514345
2.440911600589752
2.4864540135860445
2.3813160705566405
2.303192710876465
2.4918862533569337
2.1928605210781096
2.445043761730194
2.59928218126297
2.324664249420166
2.1265646481513976
2.3554716300964356
2.405332535505295
2.2234730315208435
2.2996591103076933
2.4760700345039366
2.2154439890384676
2.1340241622924805
2.6587544679641724
2.432922124862671
2.3518656837940215
2.333288902044296
2.3828210508823395
2.4214879631996156
2.381027805805206
2.2020295906066893
2.551549756526947
2.56576508641243
2.311393880844116
2.423129689693451
2.2721573972702025
2.431322602033615
2.3260038089752197
2.2626593172550202
2.2066141355037687
2.354422014951706
2.427544560432434
2.3225780391693114
2.433366551399231
2.3507397317886354
2.251522114276886
2.427697529792786
2.5583823490142823
2.3611406588554384
2.228039311170578
2.293419396877289
2.0985045623779297
2.446296761035919
2.116623879671097
2.3887423396110536
2.3520147705078127
2.294137479066849
2.381320925951004
2.4434389781951906
2.5588285994529723
2.521000554561615
2.3119454848766328
2.2543182730674745
2.358651165962219
2.4477071523666383
2.262748416662216
2.3302239179611206
2.4366557681560517
2.2218484222888946
2.3111309278011323
2.357632865905762
2.3278589940071104
2.498833349943161
2.358494347333908
2.471199045181274
2.2889713299274446
2.3121576046943666
2.393930910825729
2.4416887128353117
2.452966706752777
2.278707777261734
2.2434704649448394
2.3089045166969298
2.4925326204299925
2.4393121862411498
2.366460703611374
2.2043837881088257
2.073519003391266
2.280673967599869
2.420225157737732
2.218447413444519
2.1930015015602113
2.197075765132904
2.2776658022403717
2.5476321387290954
2.373865885734558
2.2713295316696165
2.2222450852394102
2.257182046175003
2.2696828174591066
2.4275118827819826
2.1122749650478365
2.1597606492042543
2.238368890285492
2.500618871450424
2.2457281374931335
2.0699040138721467
2.4190832567214966
2.241882977485657
2.3769627022743225
2.308507761955261
2.408246245384216
2.2895599353313445
2.4216588830947874
2.4294068479537962
2.3603179252147672
2.2925725269317625
2.408997051715851
2.2949447286129
2.1970451962947846
2.4212555050849915
2.586540334224701
2.329046641588211
2.3901737833023073
2.4403023254871368
2.2251237201690675
2.3010566246509554
2.4313594663143157
2.3600251615047454
2.2912961995601653
2.2943727779388428
2.480899693965912
2.358801634311676
2.301852970123291
2.6399477231502533
2.430535891056061
2.458822638988495
2.199067522287369
2.1378656709194184
2.2469280552864075
2.295240969657898
2.3222232496738435
2.3382362043857574
2.4091036820411684
2.4109399902820585
2.391858993768692
2.392536667585373
2.3238618433475495
2.2634195601940155
2.3948406457901
2.1798165929317475
2.3367356181144716
2.285570387840271
2.281111216545105
2.3147528672218325
2.278210005760193
2.3825037026405336
2.22954829454422
2.3253260922431944
2.393571320772171
2.1948256516456603
2.431327984333038
2.278289439678192
2.361357612609863
2.2979411578178404
2.2016835498809812
2.512153651714325
2.6025158619880675
2.1789791131019594
2.247553906440735
2.5429456305503844
2.329459400177002
2.292977601289749
2.2143060779571533
2.4965160727500915
2.403820581436157
2.2380710756778717
2.1853385746479033
2.215841635465622
2.26518750667572
2.0666665768623353
2.1648404610157015
2.3275939202308655
2.2419177007675173
2.1347198843955995
2.4373293042182924
2.528050172328949
2.264441066980362
2.3022001338005067
2.262218656539917
2.232925934791565
2.264871473312378
2.3352701914310456
2.5928775238990784
2.2307836067676545
2.3088379430770876
2.25146959066391
2.325255398750305
2.290752279758453
2.412372033596039
2.3391059398651124
2.300977096557617
2.471117376089096
2.651810380220413
2.1466750156879426
2.5246244645118714
2.2249379706382753
2.277891070842743
2.4150857615470884
2.39698145031929
2.6218271696567537
2.050891193151474
2.130854272842407
2.19159863114357
2.336265310049057
2.2556058418750764
2.190485665798187
2.288910160064697
2.0660202395915985
2.253228573799133
2.1448324608802793
2.0782504963874815
2.3463254415988923
2.0839512491226198
2.1437632739543915
2.0902484142780304
2.1769157576560976
2.20968945980072
2.2262626838684083
2.2615257346630098
2.269103037118912
2.316468646526337
2.123603940010071
2.3425744903087615
2.3164649760723113
2.1510263204574587
2.099211596250534
2.275089921951294
2.351172139644623
2.2886489820480347
2.1534605133533478
2.113912422657013
2.4249972426891326
2.2723837542533873
2.1508939981460573
2.0069863975048063
2.1420124483108522
2.1716971266269685
2.2073853158950807
2.347497251033783
2.2256489181518555
2.1871949100494383
2.284884957075119
2.2859003949165344
2.156830835342407
2.119472054243088
2.0392779397964476
2.2126844096183778
2.385823528766632
2.3479699623584747
2.280979869365692
1.9650334000587464
2.185494467020035
1.9854279088973998
2.109985817670822
2.2185034012794493
2.0477473878860475
2.241636407375336
2.175032206773758
2.1409914553165437
2.329083663225174
2.3947401213645936
2.3281212282180785
2.255247483253479
2.0724382734298707
2.2953554582595825
2.2228830909729003
2.227357702255249
2.5462501788139345
2.0552947759628295
2.1723848152160645
2.2298364627361296
2.3641342771053315
2.2860229980945586
2.323860878944397
2.179351530075073
2.2833748483657836
2.1610153770446776
2.0453625452518462
2.116684238910675
2.2436233234405516
2.3799061977863314
2.098702164888382
2.296194801330566
2.242800402641296
2.291455087661743
2.259555622339249
2.1869889450073243
2.287663950920105
2.3343748545646665
2.3413171207904817
1.981315904855728
2.2693355095386507
2.11030442237854
2.331006166934967
2.402454993724823
2.2269588804244993
2.218779480457306
2.1346587634086607
2.3489208221435547
2.012157813310623
2.2859354066848754
2.2013214242458345
2.3458057582378387
2.382977604866028
2.181953592300415
2.116606308221817
2.116738474369049
2.2486165392398836
2.2246163630485536
2.4319516396522523
2.1636903882026672
1.9939158260822296
2.233303110599518
2.370801250934601
2.251067826747894
2.1016767168045045
2.2401445496082304
2.246985282897949
2.292225296497345
2.400792518854141
2.3129161286354063
2.138816101551056
2.176496365070343
2.1399950695037844
2.011113873720169
2.1988861083984377
2.0182613158226013
2.2042412507534026
2.318776491880417
2.4454873490333555
2.2475122988224028
2.3543733620643614
2.242419626712799
2.30281400680542
2.339301582574844
2.241066428422928
2.327666308879852
2.101794794797897
2.094033786058426
2.462021210193634
2.133785842657089
2.257558510303497
2.3350186944007874
1.9770159280300141
2.273046318292618
2.100369486808777
2.375956401824951
2.1384137201309206
2.1707277369499205
2.430946252346039
1.9507030594348906
2.4310575699806214
2.2899300158023834
2.0729870653152465
2.3250227689743044
2.415511738061905
2.026238753795624
2.3350027537345888
2.2083840107917787
2.22768453001976
2.052135571241379
2.2118517088890077
2.479504818916321
2.2871558713912963
2.316520918607712
2.095226786136627
2.020359569787979
2.4335623931884767
2.1502771961688993
2.1051781082153322
2.206416971683502
2.1708468544483184
2.242551190853119
2.2450540471076965
2.3924508047103883
2.0977288138866426
2.2575024366378784
2.1671588110923765
2.2346989929676058
2.2500763165950777
2.125156720876694
2.47545517206192
2.302626999616623
2.2532429814338686
2.201691493988037
2.1770906698703767
2.188160218000412
2.00163081407547
2.330070724487305
2.140899442434311
2.062384314537048
2.3188501143455507
2.1665968227386476
2.0926304841041565
2.3314572620391845
2.1091128730773927
2.2517166209220885
2.1832379722595214
2.060977075099945
2.1331783425807953
1.979382973909378
2.218620848655701
2.287403130531311
2.4240575098991393
2.1246167755126955
2.006591011285782
2.3655272936820984
2.0882812118530274
2.287724566459656
2.2683783185482027
2.365130271911621
2.392939713001251
2.3070915365219116
2.3095287775993345
2.0666039669513703
2.1714230370521546
2.2379297113418577
2.3159452962875364
2.2751173186302185
2.0839348220825196
2.193616979122162
2.193526554107666
2.218768348693848
2.356106460094452
2.2002321135997773
1.9890000081062318
2.2910455203056337
2.24531715631485
2.230376327037811
2.265239338874817
2.2408528411388398
2.376939662694931
2.319607698917389
2.2373274576663973
2.4213408732414248
2.479247829914093
2.2693623518943786
2.2211836063861847
2.1355428981781004
2.11647381067276
1.9565188026428222
2.2452245855331423
2.1473545908927916
2.2710603165626524
2.226608992815018
2.023050321340561
2.235757877826691
2.203611763715744
2.380280553102493
2.1757976174354554
2.184739581346512
2.071727824211121
2.354991561174393
2.0342203652858735
2.3067272663116456
2.2049842274188993
2.3074616265296934
2.3185354900360107
2.2822971963882446
2.1905058860778808
1.9793436110019684
2.2134193289279938
2.4779362976551056
2.2938651645183565
2.4553200125694277
2.0975962722301484
2.318032568693161
2.2263963907957076
2.067411334514618
2.1777735102176665
2.181158000230789
1.9936016154289247
2.361606492996216
2.352999739646912
2.0172229504585264
2.1813180899620055
2.250381581783295
2.4915568804740906
2.155360915660858
2.1306914615631105
2.1551729798316956
2.3730261182785033
2.3135460686683653
2.177244470119476
2.236704795360565
2.3826556062698363
2.2901272892951967
2.1490439200401306
2.0928250586986543
2.17597105383873
2.2007964181900026
2.0350242376327516
2.1054182386398317
2.24845098733902
2.1091245818138122
2.374954229593277
2.2130495631694793
2.396010504961014
2.2477804112434385
2.3358365368843077
2.1512444293498993
2.0281258630752563
2.253390703201294
2.3735277473926546
2.138604135513306
2.2180736207962037
1.8342677330970765
2.374566435813904
2.111294541358948
2.1971491813659667
2.1050195682048796
2.0639507043361665
2.1108247482776643
2.130226894617081
2.2624943697452546
2.331282618045807
2.0731499791145325
2.0848481464385986
2.072599823474884
2.2243228256702423
2.1635841965675353
2.1751519942283633
2.18076621055603
2.208039710521698
2.081551375389099
2.2093492352962496
2.273066517114639
2.198287225961685
2.161664477586746
2.0701827037334444
2.0721779465675354
2.340015172958374
2.233099863529205
2.106139485836029
2.0524946892261506
2.1017403650283812
2.276382266283035
2.252185650467873
2.3254182291030885
2.217475290298462
2.248924466371536
2.1469911766052245
2.2569620323181154
2.170416407585144
2.2395903658866883
2.3738336420059203
2.078062208890915
2.1790358638763427
2.0599837696552274
2.28057830452919
2.196445345878601
2.007112991809845
2.091359943151474
2.171343400478363
2.230942029953003
1.8866572129726409
2.118490279912949
2.071939071416855
2.27184734582901
2.2386333894729615
1.9160583579540253
2.323671805858612
2.266501430273056
2.163318793773651
2.213534404039383
1.948745810985565
2.142191743850708
2.207776927947998
2.3511481630802153
2.0746440970897675
2.052493313550949
2.119070636034012
2.1323017227649688
2.337840657234192
2.2303643691539765
2.18682088971138
2.12773809671402
2.277260686159134
2.3184918093681337
2.243352749347687
2.2228497791290285
2.0933643066883088
2.095577594041824
2.1255563628673553
2.2474853193759916
2.0715431606769563
2.198300739526749
2.346956441402435
2.1888640260696413
2.2431936025619508
2.137873351573944
2.154064154624939
2.3164548861980436
2.3185882210731505
2.2489940440654754
2.307630603313446
2.127220311164856
2.1665004324913024
2.2047647368907928
2.2207231438159942
2.1465152144432067
2.278759822845459
2.1334598803520204
2.2563837647438048
2.1138534533977507
2.125453215837479
2.1267571377754213
2.249821072816849
2.078706247806549
2.200432024002075
2.2247907173633577
2.1956322407722473
2.1917515420913696
2.259829103946686
2.084974125623703
2.075490337610245
2.142651765346527
2.1454526913166045
2.0251000118255615
2.147381913661957
2.266296060085297
2.1037784719467165
2.150238211154938
2.2390467882156373
2.1775511467456816
2.281858741044998
2.1689172697067263
2.1632191848754885
2.348705359697342
2.0953276348114014
2.1663870120048525
2.1200650215148924
2.324258476495743
2.3182355618476866
2.1894656252861022
2.0459682869911195
2.0162395083904268
2.265442235469818
2.35748783826828
2.016050800085068
2.4258535528182983
2.132846232652664
2.1424970662593843
2.0519314312934878
2.3327416038513182
2.2870710670948027
2.1853222918510435
2.3353905272483826
2.1328826546669006
2.301227626800537
2.255892791748047
2.0768762838840487
2.2007561802864073
2.3384462857246398
1.937948226928711
2.1818359911441805
1.9800498008728027
2.1537690246105194
2.2912069964408874
2.2195707321166993
1.9781056213378907
2.0412239098548888
2.184128485918045
2.1792518198490143
2.090641303062439
2.172934584617615
2.177300009727478
1.9705742800235748
2.149776394367218
2.2149047553539276
2.403275938034058
2.3850015592575073
2.2674184215068816
2.177035849094391
2.060915107727051
2.2580676901340486
2.075180846452713
2.1790970087051393
2.0681197726726532
2.3727370631694793
2.1165018463134766
2.227693284749985
2.1771577191352844
2.260234612226486
2.216270835399628
2.109670343399048
2.1924464988708494
2.244798893928528
2.1285144901275634
2.2576049160957337
2.161114659309387
2.3008006513118744
2.163608980178833
2.1116652870178223
2.199999430179596
2.2819590747356413
2.2708609664440154
2.2778917574882507
2.1259225928783416
2.339033032655716
2.177470471858978
2.1382009243965148
2.0257337391376495
2.1596655535697935
2.0795376181602476
2.1394949698448182
2.1952312755584718
2.0930377292633056
2.281779878139496
2.1805972230434416
2.2196033227443697
2.07608993768692
2.2912275230884553
2.213844894170761
2.07361621260643
2.234866795539856
2.1397871005535127
2.3363756418228148
1.961103333234787
2.1554093551635742
2.089569183588028
2.2607313024997713
2.1311872684955597
2.1253045642375947
2.22801753282547
2.124032267332077
2.1633379364013674
2.1711995911598208
2.205655711889267
2.1615240716934205
2.1703034687042235
2.1601754236221313
1.970988495349884
2.2517699706554413
2.3534869813919066
2.1737161004543304
2.296541527509689
2.5686533856391907
2.1613151693344115
2.133931716680527
2.090633963346481
2.1582465887069704
2.1799108612537386
2.0035561883449553
2.2649903798103335
2.145960499048233
2.3335650527477263
2.194623603820801
2.299902558326721
2.0871877682209017
2.0344583678245542
2.1699559366703034
2.1256049609184267
2.208701665401459
2.171725546121597
2.1513679361343385
2.2096465075016023
2.0563842821121217
2.0705371844768523
2.132966846227646
2.278270516395569
2.2633836793899538
2.160936484336853
2.064411656856537
2.156822247505188
2.1000158643722533
2.223356499671936
2.1659094178676606
2.2498743653297426
1.960792043209076
2.2448690581321715
2.102860380411148
2.074457440376282
2.0012414395809173
2.0953815722465516
2.1792743849754332
1.9651048398017883
2.450191094875336
1.9925404632091521
2.1014378583431244
2.1356378591060636
2.1698375415802
2.1599012386798857
2.3940527176856996
2.156087200641632
2.4618464946746825
2.212683826684952
2.1041635513305663
2.1395100235939024
2.1910625874996184
2.1992166626453398
2.0795954608917238
2.080279984474182
2.322251981496811
2.2797950196266172
2.2170359826087953
2.4853408455848696
2.2666923069953917
2.264607982635498
2.228435808420181
2.424893981218338
2.289388574361801
2.149674977064133
1.9710972452163695
2.155374722480774
2.1284977316856386
2.1554634487628936
2.3158091711997986
2.175354473590851
2.202863450050354
2.2722799301147463
2.2368146455287934
2.188432148694992
2.366971564292908
1.9615542423725127
2.4917795991897584
2.083276537656784
2.0615425372123717
2.0611175215244293
2.2215084171295167
1.911029816865921
2.3351708018779753
2.230969741344452
2.197376450300217
2.317071208953857
2.355887850522995
2.284965846538544
2.3167718040943144
2.076136351823807
2.1436275458335876
2.1725098514556884
2.0993476939201354
2.2910560131073
2.1242706298828127
1.9766938805580139
2.2686779069900513
2.1418227207660676
2.2478194570541383
2.1542838501930235
2.1016235089302064
1.9851414000988006
2.1528906285762788
2.141693663597107
2.164136543273926
2.2924738812446592
2.370642313957214
2.1525908195972443
2.3417409908771516
2.0428320276737213
2.1838803243637086
2.2066258811950683
2.154344480037689
2.413052086830139
2.4045543575286867
1.8473168194293976
2.1345629286766052
2.2025550627708435
2.24642395734787
2.4244103145599367
2.1789153695106505
2.2916717314720154
1.9899442934989928
2.188623081445694
2.2338466596603395
1.9285884749889375
2.0896317553520203
1.9968492925167083
2.324188404083252
2.3119322681427
2.175463238954544
2.2420165133476258
2.1022554850578308
2.008913389444351
2.093541028499603
2.054194357395172
2.2280685186386107
2.121931627988815
1.9790697550773622
2.1044281339645385
2.2041598105430604
2.150322299003601
2.052225396633148
2.304112584590912
2.2416593623161316
2.1529248321056365
2.147440528869629
2.1621402525901794
2.1220142698287963
2.070326020717621
2.229822063446045
2.0123089075088503
2.309308774471283
2.1170419049263
2.0654775822162628
1.9391201186180114
2.110592188835144
2.2445491671562197
2.1872702443599703
2.2892486131191254
2.191306549310684
2.304868025779724
2.285897569656372
2.0214724242687225
2.161801427602768
2.2516139483451845
2.0034723830223085
2.1724500596523284
2.236263704299927
2.168287935256958
2.0940383565425873
2.185365879535675
2.208566334247589
2.217516508102417
2.0726358890533447
2.2236403799057007
2.16851690530777
2.149287295341492
2.1591673517227172
2.405933073759079
2.11709007024765
2.287173327207565
2.026933938264847
2.4074195051193237
2.2460854268074035
2.1369479167461396
2.140348302125931
2.244047337770462
2.111840685606003
2.2077660727500916
2.395263694524765
2.2141940081119538
2.4424750351905824
2.2590221858024595
2.083273000717163
2.1486586999893187
2.2954927110671997
2.1286921083927153
2.3187372767925263
2.327986421585083
2.2710580122470856
2.183755873441696
2.064950153827667
2.008720999956131
2.2583331489562988
2.3797482776641847
2.219810869693756
2.345335636138916
2.0600608158111573
1.9682039666175841
2.142007443904877
2.0597332799434662
2.0518715047836302
2.3433713901042936
2.1790635323524477
2.1815703678131104
2.3103813064098357
2.1826206994056703
2.199771068096161
2.2466590857505797
2.0224622356891633
2.352662079334259
2.337020517587662
2.288858289718628
1.9929541802406312
2.1752031660079956
2.4443356919288637
2.2968362045288084
2.165312253236771
2.1589697515964508
2.243184916973114
2.000225021839142
2.095106885433197
2.0551619040966034
1.9894397175312042
2.2400546050071717
2.2658000063896178
2.1034719908237456
2.330426051616669
2.12173281788826
2.2946552991867066
2.1476275587081908
2.30483048081398
2.284514354467392
2.275076084136963
2.0122642350196838
2.3461275553703307
2.2334718799591062
2.2025263476371766
2.274771394729614
2.181561201810837
2.2179527926445006
2.348787223100662
2.137386152744293
1.981809766292572
2.1437872612476347
2.2137845182418823
2.1531871509552003
2.2070087897777557
2.23965204000473
2.214348064661026
2.249148017168045
2.2033469247817994
2.342518023252487
2.150464953184128
2.3768289601802826
1.9635023868083954
2.020579254627228
2.3632599997520445
2.2407900202274322
2.299039274454117
2.2275117802619935
2.0309022855758667
2.5194618272781373
2.08859721660614
1.9644885325431825
2.3437701201438905
2.174414312839508
2.1473634779453277
2.3502501213550566
2.1404557538032534
2.2440804553031923
2.042671682834625
2.238197066783905
2.2314409756660463
2.08524577498436
2.226383682489395
2.2425714540481567
2.3615237104892732
2.0635328817367555
2.264095251560211
2.328318932056427
1.999990484714508
2.1365526831150055
2.176364531517029
2.087992911338806
2.3388486909866333
2.243559156656265
2.286770143508911
2.4712127256393432
2.459478734731674
2.0512203192710876
2.2060061156749726
2.303602967262268
2.13194131731987
2.2240011250972747
2.264497195482254
2.179988621473312
2.47087167263031
2.2578218990564345
2.1727905583381655
2.2120858335494997
2.092509878873825
1.9982915687561036
2.227516874074936
2.036337205171585
2.1256232011318206
2.1373887062072754
1.9900931096076966
2.179422143697739
2.227221405506134
2.2704315888881683
2.2711540412902833
2.1283419692516325
2.3629432904720304
2.2061293053627016
2.138384404182434
2.2246499180793764
2.147555594444275
2.377337954044342
2.184540892839432
2.092859635353088
2.3215202021598818
2.254261827468872
2.132837936878204
2.023361716270447
2.249022979736328
2.1023293113708497
2.0129873287677764
2.3638887989521025
2.2183071208000182
2.1382069039344787
2.165073204040527
2.4402283906936644
2.1346219682693484
2.0807275652885435
2.2927335286140442
2.1975311708450316
2.2864097011089326
2.3493077051639557
2.1358998465538024
2.2302565348148344
2.316480474472046
2.178026124238968
2.401301333904266
2.226247488260269
2.2590744614601137
2.2838502490520476
2.300709855556488
1.982562664747238
2.3153070855140685
2.2659987676143647
2.3517815184593203
2.0819517648220063
2.225706033706665
2.2471571373939514
2.394921820163727
2.184823067188263
2.0982573723793028
2.3025199604034423
2.2387485778331757
2.119491242170334
2.258896825313568
2.1825670766830445
2.1721905314922334
2.163998532295227
2.1147488987445833
2.030716894865036
2.078395652770996
2.0982568395137786
2.236691752672195
2.2074306917190554
2.3220410430431366
2.189756495952606
2.2162171852588655
1.9275157725811005
2.3088665652275084
2.1737982988357545
2.2777469408512117
2.1161775612831115
2.2404413545131683
2.1064906668663026
2.281400544643402
2.28507205247879
2.087272984981537
2.28379336476326
2.1009475338459014
2.214829750061035
2.0828514957427977
2.1323688328266144
2.1106840705871583
2.1631723153591156
2.338259859085083
2.0842542099952697
2.130216473340988
2.2177102541923523
2.531723575592041
2.449591543674469
2.1693113803863526
2.2251474964618683
2.181237859725952
2.308950092792511
1.9747723889350892
2.205412521362305
2.2554177832603455
2.2442128682136535
2.050985230207443
2.224744448661804
2.286542993783951
2.0492911458015444
2.1751773953437805
1.9828508710861206
2.1442735493183136
2.1638109278678894
2.1985854685306547
2.2452126955986023
2.241769332885742
2.133834147453308
2.207844066619873
2.109986272454262
2.0917596864700316
2.1788012075424192
2.1974188566207884
2.1661775839328765
2.180097939968109
2.250669094324112
2.2586227452754972
2.3702289974689483
2.2326255416870118
2.0802012634277345
2.0098413968086244
2.046896106004715
1.9820050752162934
2.2590738844871523
1.9664398264884948
2.376244764328003
2.194670497179031
2.2605612874031067
2.1518239414691926
2.2802434587478637
2.110671355724335
2.2285421788692474
2.211135503053665
2.235224641561508
2.1477111554145814
2.069772562980652
2.127810683250427
2.227425619363785
2.1776011872291563
2.118572554588318
2.2572988283634188
2.1668662667274474
2.216321630477905
2.0671482837200164
2.148311698436737
2.107536544799805
2.1278161597251892
2.081519935131073
2.2136529695987703
2.265251576900482
2.154770357608795
2.296918157339096
2.1863764226436615
2.044666931629181
2.2693859684467315
2.1972013998031614
2.311031986474991
2.105760949850082
2.2376775324344633
2.3120570147037505
2.5657797133922577
2.386654875278473
2.179754354953766
1.9894603621959686
2.107088476419449
1.9670330369472504
2.0497048723697664
2.234945993423462
2.1542739391326906
2.068993912935257
2.4331961369514463
2.124233523607254
2.0204508101940153
2.199524006843567
2.226174008846283
2.072079862356186
2.133333818912506
2.1526978397369385
2.102058938741684
2.0166976642608643
2.071031779050827
2.169305328130722
2.089890180826187
1.9941513538360596
2.1145378804206847
2.125725746154785
2.050196968317032
2.0301840436458587
2.046797045469284
2.208808012008667
2.054772547483444
1.9727349400520324
2.071022295951843
2.276251395940781
2.067119128704071
2.292650420665741
2.276217498779297
2.049623032808304
2.122254524230957
2.1487407588958742
2.169765609502792
2.3679886269569397
1.9750738251209259
2.0123672437667848
2.0777303528785707
2.2852230215072633
2.03333820104599
2.2855743515491485
1.9846796190738678
1.9874182367324829
1.9901947927474977
2.249645290374756
2.011350873708725
2.001718682050705
2.123562663793564
2.2095025420188903
2.1803499984741213
2.094393057823181
2.159784972667694
2.0391436290740965
1.8567038023471831
2.1360490226745608
1.9888497161865235
2.179793781042099
2.148835654258728
2.325919872522354
2.1136421370506286
2.2082601583003996
1.954018086194992
2.1130988240242004
2.046893969774246
2.0691377925872803
2.1464680337905886
2.0478135430812836
2.066937711238861
2.033359092473984
2.070864939689636
2.0124298727512357
1.9890593540668489
2.2148421025276184
2.0654651772975923
2.225658382177353
2.112864496707916
2.111210958957672
2.2345080971717834
2.0527942621707918
2.1073844134807587
2.1424498569965365
2.043657184839249
2.1989330554008486
2.2134916305541994
2.2730887615680695
2.121323575973511
2.250095458030701
2.048945665359497
2.3029504573345183
2.0680959486961363
2.052571552991867
2.2332402205467226
2.1608821892738344
2.1417971885204317
2.1085657131671907
2.0279222524166105
2.111529721021652
2.1809089124202727
2.1109028029441834
2.155313572883606
2.1984655380249025
2.1392349112033844
2.080239524841309
2.1269965350627897
2.1829635167121886
2.049360240697861
2.044823890924454
2.1847571766376497
2.1521056616306304
2.017838408946991
2.0210023021697996
2.166724989414215
2.1072128254175184
2.0781528830528258
2.1765733015537263
1.9062761855125427
2.1607255041599274
2.08758660197258
2.0877689230442047
2.1553170692920687
2.0497494995594026
2.202415393590927
2.083874981403351
2.154557970762253
2.134476503133774
2.0928472661972046
2.2841077399253846
2.2416739678382873
2.19955118894577
2.2362801003456116
1.8762189090251922
1.933240830898285
2.143488870859146
2.1644902515411375
2.1003620636463167
2.1571697533130645
2.1355612778663637
2.154396326541901
2.161103005409241
2.0059752559661863
2.080325665473938
2.1215659630298616
2.0794389235973356
2.272683643102646
1.9137869930267335
2.0353251934051513
2.106094822883606
2.1350079548358916
2.0539493691921233
2.199683196544647
2.0958600783348085
2.1527415895462036
2.1885470473766326
2.1609195613861085
1.9420943129062653
2.0007858860492704
2.0821683597564697
2.0511314618587493
2.010471043586731
2.1588871943950654
2.1495741176605225
2.0595224153995515
1.9144003224372863
2.3440166521072388
2.2746387124061584
2.2080438804626463
2.058669099807739
2.157437129020691
1.9127765893936157
2.2020625579357147
2.113898973464966
1.936700596809387
2.143140722513199
2.2894577765464783
2.108502391576767
2.0949504160881043
2.022340090274811
2.010775412321091
1.933746316432953
2.1715579295158385
2.079623268842697
2.1463950991630556
2.126698218584061
2.002210304737091
2.241375458240509
2.157186357975006
2.0374706089496613
2.0508087778091433
1.9804571664333344
2.0968151342868806
2.156404745578766
2.0225197172164915
2.073808970451355
2.1206850147247316
2.0529169929027558
2.1944660186767577
2.2292219948768617
2.382975391149521
1.9908767759799957
2.1364243352413177
1.963844703435898
2.000805003643036
1.95404953956604
2.2098297238349915
2.13052426815033
1.9733871972560884
2.0035056960582733
1.9197640776634217
2.1697119188308718
2.0442705965042114
2.3055646407604216
2.19646888256073
2.252007497549057
1.9953910887241364
2.121213698387146
2.192386611700058
2.063004432916641
1.9650540518760682
1.9713341784477234
2.1623255479335786
2.2017332088947295
1.8736181855201721
2.006458207368851
2.1830434656143187
2.0043582165241243
1.9538632583618165
2.133063561916351
2.133157399892807
2.2058037292957304
1.9093284702301025
2.020456703901291
1.9714405846595764
2.1578782296180723
2.3258120119571686
2.100570492744446
2.167791564464569
2.132152990102768
1.9062313365936279
1.9956216263771056
2.0755140590667724
2.126485551595688
2.085986649990082
2.222498424053192
2.161281623840332
2.15109632730484
2.2780966103076934
2.1637237918376924
2.1733864510059355
2.1108120691776278
2.053238582611084
1.9535256767272948
2.209998527765274
2.1331775093078615
2.0824437618255613
2.0335849356651305
2.175766263008118
2.1131378698348997
2.187289396524429
2.1285840702056884
2.078711791038513
2.145794942378998
2.074090484380722
2.2759609246253967
2.1779569256305695
2.1379677593708037
2.171172058582306
2.083202888965607
1.913696939945221
2.2660379719734194
2.106932406425476
2.0250714766979216
2.1452755427360533
2.064320559501648
2.117254681587219
2.005100691318512
2.0681190156936644
2.193199189901352
2.0972071409225466
2.065103952884674
2.0253013134002686
2.063190264701843
1.9283600044250488
2.2377910935878753
2.0001997530460356
1.997779804468155
2.0516296470165254
2.120327179431915
2.2356764316558837
2.0640933179855345
2.0779415929317473
2.114955942630768
1.928332543373108
2.043585035800934
1.8934887290000915
1.9759318828582764
2.0986310195922853
2.239755218029022
2.1606336545944216
2.178204438686371
2.013874809741974
2.1425881934165956
1.995123770236969
2.020938813686371
2.039680334329605
2.023182828426361
1.9432892608642578
2.037813777923584
2.152758603096008
1.8970503842830657
2.3038253927230836
2.1200903344154356
2.3264812564849855
1.9912961184978486
2.1636604297161104
2.1195032596588135
2.031741074323654
2.1520278811454774
2.309068011045456
2.2444617891311647
2.0209808421134947
2.213729000091553
2.172939316034317
1.9411477446556091
1.9785557556152344
2.0048136270046233
1.9461304998397828
2.153827245235443
1.8775011837482452
2.071770784854889
2.0767272412776947
1.9719179606437682
1.91944997549057
2.1386971282958984
2.071918799877167
2.0170853614807127
2.0775259637832644
1.9825573921203614
2.1134015035629274
2.218567806482315
2.018365718126297
2.0956878089904785
2.0031427192687987
2.2758969831466676
2.0953766906261446
2.0083204817771914
2.236706085205078
2.0355614256858825
2.2255389213562013
2.3376320111751556
2.149096086025238
1.9342389273643494
2.017141718864441
1.9739618170261384
2.118646684885025
1.9770350027084351
2.043027738332748
2.0658275723457336
2.2010177326202394
2.0821679615974427
2.38699453830719
1.8528743159770966
2.0936879312992094
2.259337462186813
2.0254074585437776
2.184604188203812
2.1836820471286775
2.2337449026107787
2.0983703422546385
2.0010803651809694
2.1370858931541443
2.052452573776245
2.3058326268196105
2.007633104324341
1.9738161754608154
2.0565128755569457
2.300264035463333
2.139323192834854
2.0414854097366333
2.0367031013965606
2.154353120326996
2.098388967514038
2.123834429979324
1.7934507131576538
2.1464187479019166
2.186987978219986
2.038169642686844
2.124359827041626
2.031315582990646
2.1277326166629793
2.0480885994434357
2.005065517425537
1.9874301052093506
2.061530885696411
2.155680974721909
2.175731669664383
2.1605733680725097
2.1344072890281676
1.9666976368427276
1.9942728364467621
2.103588374853134
1.9556789684295655
1.9119997859001159
2.2007167959213256
2.0637850058078766
2.003245931863785
1.9650283825397492
2.09514276266098
2.0402365911006926
2.2044201564788817
2.136049300432205
2.087173566818237
2.191864724159241
2.331380763053894
2.1079762840270995
1.9728402495384216
2.018308553695679
2.0082390105724333
2.06604798078537
2.239144160747528
2.215435470342636
2.2770208525657654
2.2258994567394255
2.095558524131775
2.2302981758117677
2.1199287420511244
2.263454165458679
2.010307483673096
2.1202450358867644
2.0452275121212007
2.0022550940513613
2.1743728458881377
2.3214679944515226
2.0366129171848297
2.1046176624298094
2.075043672323227
2.0868113040924072
2.1780619549751283
2.213317611217499
2.098320803642273
2.0823401474952696
2.24372886300087
2.122734944820404
2.042816005945206
2.245054053068161
1.9701965653896332
2.221555001735687
2.0525215709209443
1.9317895424365998
1.9773215997219085
2.2421377158164977
2.32175856590271
2.182433075904846
2.1039566564559937
1.8709034621715546
2.3035219621658327
2.229420518875122
2.1870374476909635
1.8973239171504974
2.068995934724808
2.1125662648677825
2.113474283218384
2.0576587200164793
2.0837661135196686
2.1769508969783784
2.064733680486679
2.1861467719078065
1.9897422754764558
2.2589854395389555
2.1010173571109774
2.059910550117493
2.1297675728797913
2.227940005064011
2.1623530733585357
2.0607507741451263
2.0283275198936463
2.1924093651771543
1.9570590794086455
2.2396211981773377
1.9807793998718262
2.134649932384491
2.097546863555908
2.052048386335373
2.082638257741928
1.9937321639060974
2.1234215462207793
2.114974020719528
1.9498222160339356
2.1515942454338073
2.0316287863254545
2.0495747196674348
2.262776449918747
2.090959551334381
2.0409588587284087
2.1008095717430115
2.136647734642029
1.9087175250053405
2.024526343345642
2.1184575176239013
2.1934994471073153
1.881592675447464
1.9976837301254273
2.126693894863129
1.9673749709129333
2.1019236493110656
2.1876306748390197
2.086705734729767
2.0662069284915923
2.1555872333049773
2.291324691772461
2.1136444282531737
1.968538681268692
2.195695307254791
2.1868067288398745
2.125522608757019
2.0402075159549713
2.0464995539188386
2.2512106704711914
1.9465433287620544
2.2921523594856263
2.252905597686768
2.1266747438907623
2.031550304889679
2.132365252971649
1.9718476402759553
2.158367531299591
2.20863884806633
2.16665230512619
2.2208057582378387
2.1772469520568847
2.0244634985923766
2.126330052614212
2.0236280226707457
2.1517763900756837
2.1508511888980864
2.0873485624790193
2.0593267011642458
2.3139870452880857
2.204398148059845
2.0477588891983034
1.7744949674606323
2.0995638024806977
2.0659892916679383
2.110629403591156
2.1973655998706816
2.1271937882900236
1.9857377374172211
2.081008105278015
2.1260483825206755
2.1025396192073824
2.1856276559829713
2.0821147918701173
2.033841383457184
1.8811124563217163
2.0725644314289093
2.0800867140293122
1.9869776940345765
2.020975432395935
2.307214366197586
2.2062166929244995
2.0777688097953795
2.053565374612808
2.3906096243858337
2.0910025787353517
2.1653136026859285
2.23111010491848
2.2049532210826874
2.1993348014354708
2.265248384475708
2.147318699359894
2.026258852481842
2.1636215269565584
2.015342984199524
2.275718264579773
2.01934378862381
1.8706146967411041
2.0840529668331147
1.968071460723877
1.9718728876113891
2.174993278980255
2.2691258227825166
2.069674106836319
2.059459342956543
2.0055390751361846
2.281980242729187
2.21370934844017
2.056902023553848
2.1892449271678927
2.249270132780075
2.2658382403850554
2.0979201793670654
2.1200300669670105
2.015116217136383
2.125205571651459
2.0081667494773865
2.0842223775386812
1.9909592425823213
2.2229148054122927
1.9890319049358367
2.2155591583251955
2.0314913380146025
2.17243080496788
2.181384389400482
2.078450983762741
1.9892192316055297
2.0972144985198975
2.166434112787247
2.08478724360466
2.061195948123932
2.016733092069626
2.1313243782520295
2.113927097320557
2.1366427063941957
2.0481571650505064
2.259470764398575
1.9971695566177368
2.062430897951126
2.098962571620941
2.266849316358566
2.1031990349292755
2.0726876842975615
2.0901879608631133
2.1260394322872163
2.1357871413230898
2.1816954588890076
2.450348323583603
2.0157444620132448
2.0837705898284913
2.1741555345058443
2.106096384525299
2.12147762298584
1.9984922432899475
2.210661691427231
2.1066860449314118
2.144581445455551
1.9414228796958923
2.119045114517212
2.2419887924194337
2.2166175758838653
1.9554613423347473
2.0478920578956603
2.0901502954959867
2.00225163936615
2.0889862847328184
2.091071628332138
2.019164403676987
2.1523905289173126
2.031904945373535
1.9523989701271056
2.033229602575302
2.0318067467212675
2.075229426622391
2.0680065786838533
2.1264040422439576
1.9974470269680022
2.2966284573078157
2.072974191904068
2.1053713190555574
1.9836109244823457
2.154925084114075
2.2667799508571624
2.075088573694229
2.2861873614788055
2.089951229095459
1.9365333116054535
1.992774745821953
2.0919839477539064
1.9980693233013154
2.0560888755321503
1.8900895130634308
2.172472673654556
2.1987035995721818
2.048636897802353
2.3300716412067413
2.09228302359581
2.2148312950134277
2.2030839204788206
2.3107325434684753
2.0084886503219606
2.235479542016983
2.0844854593276976
2.044051059484482
1.9194231343269348
1.9359712767601014
2.4728846383094787
1.9409616947174073
2.022655246257782
2.2907614636421205
2.048486114740372
2.08747878909111
2.308409742116928
2.267250337600708
2.0300629365444185
2.0663497853279114
2.1904709339141846
2.1696886813640592
2.2064634680747988
1.8374626386165618
2.21705615401268
2.175593550205231
2.2181482779979707
2.1219813871383666
2.058746429681778
2.125360347032547
2.158205531835556
1.959400622844696
1.9685005724430085
2.061687476634979
1.988074507713318
1.9957306444644929
2.00056334733963
2.0173835873603823
2.1504743230342864
2.169532127380371
1.9238982462882996
1.981791137456894
2.230119881629944
2.1380751967430114
1.9866471636295318
2.2847791969776154
2.01034699678421
1.9830227029323577
1.9192681729793548
2.079083114862442
2.0678792428970336
2.0348724055290224
2.2054851508140563
2.0426848483085633
2.117571611404419
1.952213659286499
1.9203096699714661
2.144518346786499
2.0526074874401092
2.2638356399536135
1.893756114244461
2.01706995010376
2.33789080619812
2.2175116539001465
2.0537456929683686
2.0296659052371977
2.0750676357746123
2.1492260265350343
2.1081145763397218
2.2318268990516663
1.9567738151550294
1.97912388920784
2.0647415149211885
2.036840504407883
1.7765564513206482
2.0494792366027834
2.1945324504375456
2.2130929970741273
1.9730245494842529
2.156036581993103
1.9755531179904937
2.079221647977829
2.142107698917389
1.965760349035263
1.925997200012207
2.1112922739982607
2.105679099559784
2.4420604813098907
2.1745627164840697
2.116150414943695
2.069110589027405
2.0375727188587187
2.032347571849823
2.067643253803253
2.0328367447853086
1.99558758020401
2.337327961921692
2.089398376941681
2.31633740901947
2.2428614115715027
2.144577805995941
2.0896951138973234
2.1294216334819795
2.1822355926036834
2.2138846349716186
2.1101048254966734
2.1330039000511167
2.040958213806152
2.0717099821567535
2.004347623586655
2.0562646102905275
2.143044424057007
1.9885167717933654
1.9848778438568115
1.98217498421669
1.9490105772018433
2.0145864093303683
2.173714735507965
2.0406828927993774
2.235726149082184
2.227283970117569
2.1132105350494386
2.112627898454666
1.9435742783546448
2.058202248811722
2.041473995447159
2.0480353665351867
1.9313951802253724
2.1114937233924866
2.0596696770191194
2.1510010874271392
2.204778723716736
2.135214793682098
2.0645056879520416
1.967301949262619
1.9818368291854858
2.455275033712387
2.1779208731651307
2.289743880033493
1.9767333936691285
2.097069118022919
2.246271734237671
2.1462136459350587
1.972448798418045
2.0794250655174253
2.0787228202819823
1.9207031095027924
2.131800391674042
2.066879867315292
2.2456931746006012
2.1391192626953126
2.124334589242935
2.090821715593338
2.086105862855911
2.254269590377808
2.0350189673900605
2.2558915615081787
1.869173263311386
2.2343859803676605
2.0016707158088685
2.2142665934562684
2.0966031229496003
1.9874691331386567
2.1157783532142638
2.155320796966553
1.9770214891433715
2.170415459871292
1.9757996416091919
2.0055985653400423
2.0980468082427977
2.1491565561294554
2.1446561193466187
2.052228206396103
2.014224342107773
2.0016155421733854
2.0750892090797426
2.254885153770447
2.2371695113182066
2.122187579870224
2.162288485765457
1.9914145851135254
2.122984127998352
1.9886546349525451
2.0959887850284575
2.0846236073970794
1.9962438368797302
2.0355779933929443
2.2519344973564146
2.102790951728821
2.050596652030945
2.127052731513977
2.371866626739502
1.980019555091858
2.3497703170776365
1.9457031714916229
2.0002079474925996
2.007968535423279
2.245813694000244
2.080924701690674
2.221186571121216
2.092521785497665
2.073444802761078
2.107950394153595
2.2017209899425505
1.9492006278038025
1.8846115684509277
2.013185338973999
2.3097113585472107
2.0541100764274596
2.237340723276138
2.2225053191184996
2.0803665840625762
2.1003617787361146
1.9257224881649018
2.050793504714966
1.8879459488391876
2.189655361175537
2.1937256121635436
1.9580634069442748
2.2115882062911987
2.1231157171726225
2.065569372177124
2.0116447019577026
2.0640613830089567
2.0737399327754975
2.0076045072078705
1.9683508563041687
2.2728588819503783
2.1224438202381135
2.078801702260971
2.0292919170856476
1.9373996913433076
1.963597663640976
1.8443639969825745
2.2566182947158815
2.22058683514595
2.183977897167206
2.1017856442928315
2.2751762771606447
2.103717498779297
2.1912695217132567
2.0231532204151152
2.038525515794754
2.1421304893493653
2.2120165729522707
2.1047502422332762
1.9795876741409302
2.210931144952774
2.054307041168213
2.1026979649066924
2.251672946214676
2.1991232943534853
2.1744537806510924
2.131922950744629
2.1012492394447326
1.8626668071746826
2.158546097278595
2.098212785720825
2.283356637954712
2.0026547062397
2.139369217157364
2.0458451092243193
1.9341140985488892
2.1068899846076965
2.185450508594513
2.146247229576111
2.0734722244739534
1.853018411397934
2.131922596693039
1.9774510657787323
2.055239086151123
2.3257763719558717
2.1288317108154295
2.108419589996338
2.2002720975875856
2.09709046125412
2.0199101507663726
2.2715372967720033
2.0511320888996125
2.0182213294506073
2.003140540122986
2.0830015575885774
2.252823470830917
1.9840566182136536
2.2500924563407896
2.120064970254898
1.909268079996109
1.8796088516712188
2.229666919708252
2.115423022508621
2.15995148897171
2.1803147697448733
2.323346700668335
2.165482133626938
2.0769705724716188
1.9986181962490082
2.212196172475815
2.0653172338008883
2.175343021154404
2.088279334306717
1.9599116086959838
2.262158727645874
2.0639162373542788
2.292030532360077
2.317371985912323
2.0433038163185118
2.06963103890419
1.9631698000431062
2.1357479453086854
2.326013562679291
1.9314518356323243
2.1906540322303774
2.050167373418808
2.196444330215454
2.1517367684841155
2.0114723658561706
2.07076057434082
2.1356340539455414
1.8953438544273375
2.0414747941493987
2.29931360244751
2.021524587869644
2.0528322887420654
1.9401975905895232
2.0879436540603638
2.066830849647522
2.375152676105499
1.9343828999996184
1.8935184168815613
2.2045994877815245
2.1168541848659514
2.024153172969818
2.327543773651123
2.1131388866901397
2.177558264732361
2.280884711742401
2.1174621295928957
2.074631952047348
2.0149936938285826
2.219683668613434
2.489986082315445
2.047680755853653
2.0992041301727293
1.9669320476055145
2.029716265201569
1.8575818943977356
2.1295861339569093
2.0443914127349854
1.8996439063549042
2.133303310871124
2.3827199375629426
2.1037119495868684
2.0007954120635985
1.9044173991680144
1.8614278328418732
1.9079112946987151
2.01230548620224
2.1201541686058043
1.8864188253879548
2.1235105752944947
2.1824562335014344
2.240815749168396
1.9595894956588744
1.8219211840629577
2.0729611492156983
2.026275421380997
1.8884344863891602
2.094970586299896
1.9943283379077912
2.0774513149261473
2.2265483963489534
1.8200414264202118
1.9131891989707948
2.1688901591300964
1.8964801526069641
2.056582567691803
2.017102077007294
2.061621232032776
2.2311621427536013
2.045760260820389
1.8929994332790374
2.0140843272209166
1.9576492196321487
1.6488022077083588
1.9291430521011352
2.1354733884334562
2.1534268426895142
2.118097022771835
2.041837522983551
2.1582047295570375
1.9413721787929534
1.924242352247238
1.9707110011577607
2.2118698155879972
1.9094619286060333
2.0240976226329805
1.9522887921333314
1.9538205122947694
2.065233759880066
2.0707238602638243
1.8901569068431854
2.0545150101184846
2.0556898772716523
2.0817013227939607
1.9675885808467866
2.0849579441547395
2.0515807831287383
1.9528521621227264
1.9919100296497345
2.09071080327034
2.118230479955673
1.9812685942649841
1.9338382244110108
1.955870463848114
1.961564803123474
2.204373961687088
2.086807312965393
1.9060336661338806
2.1946745026111603
2.036918556690216
2.2729803419113157
2.0697126936912538
2.011588681936264
2.042157071828842
1.9756857633590699
1.9296096873283386
2.3501499938964843
2.068266198635101
2.0345353305339815
2.0147910571098326
2.131959091424942
1.8923890340328215
2.043801474571228
1.9541527831554413
2.1590156173706054
2.138312224149704
1.9316882514953613
2.108905849456787
1.951802875995636
2.1035202133655546
1.9730811595916748
1.9800033819675447
1.995967812538147
2.065165440440178
2.0725492572784425
1.827493051290512
1.9598995637893677
2.205596511363983
2.0655111026763917
2.0057848823070525
2.087726480960846
2.188209822177887
2.115340793132782
1.9202762746810913
2.1908034181594847
2.072232502698898
1.9415525722503661
2.15984326004982
1.9453195643424988
1.91803839802742
2.095521181821823
2.0924418604373933
1.9305731439590454
2.065674744844437
1.9523306202888489
2.035020055770874
2.1495948207378386
1.86333376288414
1.9632165431976318
2.037205444574356
2.107728731632233
2.0707535541057585
2.0998668348789216
2.1580736315250397
2.0756669306755064
1.9755339193344117
1.934681041240692
1.9239180636405946
2.152585999965668
2.0737391644716263
1.9897063791751861
2.05975160241127
2.0791429471969605
2.105596387386322
2.025613467693329
1.9936582386493682
2.054380388259888
2.1070427119731905
2.0055329775810242
1.9596141695976257
1.9352695560455322
1.8913161051273346
2.1626788210868835
2.3071984374523162
1.9826308345794679
1.990052820444107
2.1384204721450804
1.9427830028533934
2.091494300365448
1.9342260468006134
2.133429812192917
2.1136460494995117
2.025284696817398
1.9551855909824372
2.2111842894554137
2.1851864647865296
1.914442365169525
2.090778877735138
1.9504129791259766
1.8218722021579743
2.0404099869728087
2.0653763675689696
1.9124526906013488
1.801341803073883
2.0541512036323546
2.076655836105347
1.912091873884201
2.166535600423813
