0.2546644598245621
0.25790833815932274
0.24080343782901764
0.29308657452464104
0.22474285528063775
0.26895342886447904
0.2263877260684967
0.27685929119586944
0.24964153736829758
0.22463402032852173
0.253794414550066
0.27835737258195875
0.2699111896753311
0.2272197924554348
0.24682635962963104
0.21975361168384552
0.23898333042860032
0.21559057265520096
0.22743674591183663
0.2345118086785078
0.22539264157414438
0.2496812480688095
0.227088603079319
0.23016101717948914
0.22078381165862082
0.22147568985819815
0.21490285828709602
0.21425242513418197
0.19964056208729744
0.20067346334457398
0.21568816989660264
0.20540945515036582
0.22536182135343552
0.21322333365678786
0.21621614813804627
0.21189563296735286
0.18292273938655854
0.17126444920897485
0.2043260057270527
0.19293154008686542
0.18880758494138716
0.18398774951696395
0.1928872349858284
0.1872947981953621
0.1729356798529625
0.15313997820019723
0.16583315372467042
0.14091810800135135
0.18370002508163452
0.17492216169834138
0.16034966036677362
0.16495645329356193
0.14579956129193306
0.1654171097278595
0.17155531615018846
0.14759844318032264
0.18560825824737548
0.1338142001628876
0.1539888884872198
0.15893647238612174
0.14701405197381973
0.15636668391525746
0.14932030595839024
0.15541656233370305
0.133455353602767
0.15012277059257031
0.13155329525470733
0.1493635293841362
0.14038977324962615
0.1547504861652851
0.14260445639491082
0.1523690690845251
0.1406897187232971
0.14460480585694313
0.13168879166245462
0.13368650242686272
0.14870376244187355
0.13618917822837828
0.13184383809566497
0.1448927093297243
0.132068639844656
0.11685568541288376
0.11910992607474327
0.13063432961702348
0.13706055372953416
0.12964096710085868
0.14637758456170558
0.13296283341944218
0.11208572626113891
0.13018893733620643
0.12168393418192863
0.12228734001517295
0.11133695371448994
0.13074616387486457
0.12276931062340736
0.11322850123047828
0.1121959376335144
0.1154537819325924
0.12130764998495579
0.11571604579687118
0.10622234784066677
0.12445365704596043
0.11382026866078376
0.11503230452537537
0.11737821340560912
0.11270088277757168
0.10186590798199177
0.11902483217418194
0.11572344958782196
0.10539126887917519
0.10807298213243484
0.1067981082201004
0.10383703619241715
0.10460552342236042
0.11203212939202785
0.11074164442718029
0.10176123850047589
0.10865014940500259
0.09435801580548286
0.10762276314198971
0.10163937330245972
0.09795601107180119
0.10492060780525207
0.10295875675976277
0.0955725947767496
0.09618536733090878
0.10203390769660473
0.10002008035778999
0.10201443567872047
0.10307220593094826
0.10296082891523838
0.09646332062780857
0.09521462954580784
0.10117422305047512
0.0983762039244175
0.09734844524413347
0.0977213603258133
0.10238062731921672
0.09509116187691688
0.10046557910740375
0.10046183057129383
0.10456489570438862
0.09506457053124905
0.10463226087391377
0.10153412729501725
0.09693331800401211
0.09578512124717235
0.09676125854253768
0.09318226158618927
0.09405435234308243
0.09636719301342964
0.09767263658344745
0.0915028740465641
0.09862655892968178
0.098878083974123
0.09386694453656673
0.09011797666549683
0.10004734307527542
0.0950688910484314
0.09698096305131912
0.08880666308104992
0.08913120210170745
0.09518529497087001
0.09121764816343784
0.0952774828672409
0.09962572760879994
0.09015717968344689
0.09586419954895974
0.0934708545356989
0.09766812577843666
0.09317343667149544
0.09027434691786766
0.09718090042471886
0.09248109713196755
0.09174462169408798
0.09145764134824276
0.09887854024767875
0.09580811209976674
0.09292633682489396
0.09327427059412002
0.09601263083517551
0.0880671089887619
0.09752069555222988
0.09324423059821128
0.09941962346434594
0.09329770304262638
0.09783650189638138
0.09559530727565288
0.0916319628059864
0.09340524323284626
0.08750344194471836
0.08764027193188667
0.0937065028399229
0.09009699329733849
0.09465795174241066
0.09150326229631901
0.09020760394632817
0.09604675196111202
0.09659621730446816
0.09256250575184823
0.09383037060499191
0.09481652554124594
0.09282291196286678
0.09414386123418808
0.0982545069605112
0.09694502890110016
0.09719002991914749
0.09861785739660263
0.09449031189084053
0.09289742149412632
0.08455105170607567
0.09371600769460202
0.09608126379549503
0.09193128749728202
0.10125089630484581
0.09456268228590488
0.0976481269299984
0.09656928434967994
0.09465842440724373
0.09508436806499958
0.08929399974644184
0.09238231889903545
0.0904807586222887
0.09046956911683082
0.08889539510011674
0.08801214501261712
0.09046619035303592
0.08753891669213772
0.09552806042134762
0.08734107472002506
0.0871850797533989
0.09242045499384403
0.08669945769011975
0.09340985618531704
0.09226860806345939
0.09313763424754143
0.097631975710392
0.09120960310101509
0.08754492282867432
0.09231383755803108
0.09191775314509869
0.08440018594264984
0.09732649110257625
0.08915049873292447
0.09361017800867558
0.08996482402086257
0.08771826088428497
0.09463794842362404
0.09404644295573235
0.09581908456981182
0.0940046775341034
0.09590711802244187
0.08991237029433251
0.09006079219281674
0.09241657882928848
0.08944885104894638
0.09085587322711945
0.08973777823150159
0.09196960605680943
0.08846871621906757
0.09415865764021873
0.09058680288493633
0.09309973433613777
0.08581158615648747
0.09383834272623062
0.09031732916831971
0.09431562848389148
0.08975022688508033
0.09368440337479114
0.09572142265737056
0.09435262612998485
0.09033100083470344
0.08739109054207801
0.08731121979653836
0.08567307941615582
0.08693933285772801
0.08396883308887482
0.09512660697102547
0.08427832528948784
0.09223513774573804
0.09025366507470607
0.09265899613499641
0.09100516505539417
0.09417099744081497
0.09348798125982284
0.09420887313783169
0.09328624948859215
0.09121316954493523
0.08731873743236065
0.09439451791346073
0.09114438269287348
0.0900638759881258
0.08984941020607948
0.09557149358093739
0.09303837634623051
0.09314406797289848
0.08881737768650055
0.08941733792424202
0.09746640287339688
0.08831928558647632
0.0882836975902319
0.09312162764370441
0.0877609659358859
0.08910666100680828
0.09134437575936317
0.08904638387262821
0.08644058741629124
0.0912248133122921
0.09058609433472156
0.08699382938444615
0.0976026924699545
0.07757219813764095
0.08785436719655991
0.09083689726889134
0.08757154799997807
0.08515462309122085
0.09180100373923779
0.09384063191711903
0.08599564895033836
0.08647758349776268
0.09190848574042321
0.08897757299244403
0.08937898643314839
0.09102640174329281
0.09141376711428166
0.0932516361027956
0.08760116256773472
0.09111319616436958
0.08689824923872948
0.08813009984791279
0.08699179515242576
0.09157878160476685
0.08922427631914616
0.08812488242983818
0.09017173990607262
0.09020882338285446
0.09186946853995323
0.08575805485248565
0.08474226489663124
0.09427766144275665
0.09171277359127998
0.08815188318490982
0.09004205085337162
0.08628939554095268
0.09574067652225494
0.08711401887238025
0.08916228607296944
0.09755382351577283
0.08885434940457344
0.08766970083117485
0.08881557166576386
0.09140711314976216
0.09213957495987415
0.08828391022980213
0.0895802791416645
0.08832061007618904
0.08670165173709393
0.08706772610545159
0.09108215518295765
0.08832957737147808
0.09615970753133297
0.0955305816233158
0.08907014891505241
0.09042606517672538
0.09318707257509232
0.08827219784259796
0.08617631413042545
0.08674732267856598
0.09067951500415802
0.09166757509112358
0.0873414559662342
0.09179255064576865
0.08946812525391579
0.0917143253237009
0.08999590247869492
0.09017640627920627
0.08660461500287056
0.08889071613550187
0.09120711654424668
0.0886001744121313
0.08902994446456432
0.08518667504191399
0.08506278969347476
0.09053741246461869
0.09294392012059688
0.09256164282560349
0.0898804259300232
0.08990259386599064
0.08903953805565834
0.09061748273670674
0.08865466833114624
0.09326177954673767
0.08814470395445824
0.09024734854698181
0.09311642497777939
0.08408981025218963
0.08746935047209263
0.08621400356292724
0.08692057207226753
0.08607383884489536
0.09066519349813461
0.08453796252608299
0.0941115953028202
0.09178575690835715
0.08681945569813251
0.08690092653036117
0.08590538002550602
0.09305585041642189
0.09587050929665565
0.0865057311207056
0.08657230593264104
0.09305930770933628
0.08685349464416504
0.07885754458606244
0.08734992749989033
0.0831261545419693
0.08686787016689777
0.08878275580704212
0.08869158372282981
0.08247192069888115
0.08929312415421009
0.08359848648309708
0.09095611184835434
0.08284129161387682
0.09143362142145633
0.0893692772835493
0.08640014208853244
0.08409693337976933
0.08765481933951377
0.08381332471966743
0.08568752646446227
0.08713000200688839
0.09458524413406849
0.0856429510563612
0.0872842537611723
0.08646098509430886
0.08515589885413646
0.08949487678706645
0.09238639041781425
0.09237292222678661
0.09098057173192502
0.09207777395844459
0.08803394645452499
0.08909113429486752
0.08483913168311119
0.08883287854492665
0.09006873711943626
0.08947783783078193
0.08498099870979786
0.08993343472480773
0.08820419363677502
0.09372392483055592
0.08639340735971927
0.09105995066463947
0.08954106077551842
0.09513495117425919
0.0851236130297184
0.08834836717694998
0.08504419282078743
0.08266816474497318
0.08925295233726502
0.08773616254329682
0.0891320038586855
0.09087546057999134
0.08806977592408657
0.09017744429409504
0.08756208658218384
0.08663818575441837
0.08554136477410794
0.0872277283668518
0.09262635901570321
0.08992186911404133
0.08535682193934918
0.08757238797843456
0.08884847909212112
0.08705110847949982
0.08967060893774033
0.09003338500857354
0.08773959368467331
0.08753546454012394
0.08366352505981922
0.08472603626549244
0.08536708503961563
0.08972558468580245
0.0880209532380104
0.0870724506676197
0.08882070437073708
0.08480443887412548
0.08445382408797741
0.0838867399096489
0.08860538028180599
0.08791723623871803
0.08733818233013153
0.0922447033971548
0.09277351021766662
0.08775660939514637
0.08427623756229878
0.08790303468704223
0.09113907694816589
0.0919851928949356
0.08934355892241001
0.08384649738669396
0.08428158797323704
0.09274102449417114
0.08125793501734734
0.08599513068795205
0.0854894607514143
0.08676945120096206
0.08497545786201954
0.08979662708938121
0.08822022221982478
0.09038385763764381
0.08763306401669979
0.08562940873205661
0.08976349830627442
0.0851589835435152
0.08308559253811837
0.08008282974362374
0.08197956211864948
0.08919717907905579
0.08540700279176235
0.08712761580944062
0.08781525403261185
0.08000342965126038
0.08619741313159465
0.0849221695959568
0.08753241457045079
0.0808775383979082
0.08872505016624928
0.091693185120821
0.08867730394005775
0.08748951345682145
0.08834166616201401
0.08628369517624378
0.08318406552076339
0.08083906881511212
0.08160408481955528
0.08195209003984928
0.08564166035503148
0.08977815195918083
0.08132920071482658
0.08670977607369423
0.08667228415608406
0.09223698660731315
0.09053285725414753
0.08279109179973602
0.08642917297780514
0.09063848346471787
0.08543271988630295
0.09364930823445321
0.09115754835307598
0.08892922647297383
0.08661877393722534
0.08660085789859295
0.0904280561208725
0.08103789448738098
0.08889790862798691
0.08563100188970565
0.08384782589972019
0.08396772678941489
0.09510494746267796
0.08901070103049279
0.08550326287746429
0.08641514547169209
0.09434474915266038
0.08336558416485787
0.08645150370895863
0.0839762868732214
0.08902112856507301
0.08534972093999386
0.08245280139148235
0.0902759925276041
0.08854053355753422
0.09252900682389736
0.09337420262396336
0.08279331818223
0.08997965820133685
0.09161022700369358
0.07976207733154297
0.0890742465108633
0.09551260605454445
0.08376186542212963
0.08162495851516724
0.08930478706955909
0.08676990613341332
0.08842679955065251
0.08311561070382595
0.09215612545609474
0.07885141439735889
0.08674320220947265
0.08407796859741211
0.09477266304194927
0.08810899950563908
0.08460311219096184
0.09143845401704312
0.09681223534047603
0.08969138734042645
0.08453922435641288
0.09001205950975417
0.09026947468519211
0.08990980252623558
0.08620180066674948
0.08674122199416161
0.08346414558589459
0.08512664750218392
0.08477290354669094
0.09092696040868758
0.08731222368776798
0.08728087767958641
0.08624975167214871
0.08628248922526836
0.08541594818234444
0.08845868393778801
0.08924495734274387
0.08547390334308147
0.08858914092183114
0.09364793255925179
0.08385889291763306
0.09002235688269139
0.08675215221941471
0.0862497878074646
0.08422966979444027
0.08230089731514453
0.08813014581799507
0.08262834146618843
0.08868407815694809
0.08265897341072559
0.08715152941644191
0.08421067237854003
0.08862883351743221
0.08641753382980824
0.08702992342412472
0.0897133232653141
0.0876718108355999
0.08920066468417645
0.08857352711260319
0.08474764473736286
0.09038954213261605
0.08760898075997829
0.08499919913709164
0.09000206790864468
0.09429741382598877
0.09027024798095226
0.08799073360860347
0.08661658838391303
0.0858118276298046
0.08986426591873169
0.08886520326137543
0.08706243753433228
0.09300639726221561
0.08408035591244697
0.09056316122412682
0.08853329606354236
0.08293327778577804
0.0921588110178709
0.08509467341005802
0.08717093855142594
0.08644223667681217
0.08403019472956658
0.08898579537868499
0.08657534442842006
0.08420886106789112
0.08577355369925499
0.08900713764131069
0.08455546714365482
0.08855041064321995
0.08894161179661751
0.09105454578995704
0.086885871514678
0.08547006867825985
0.08950130328536034
0.08833483755588531
0.08883833840489387
0.08461911126971244
0.08462381646037102
0.08503144577145577
0.08690083235502243
0.08070432130247354
0.08496298089623451
0.08530983969569206
0.08382075272500515
0.08764826722443103
0.0851520949229598
0.08050928898155689
0.08624291054904461
0.08222823090851307
0.08601307518780231
0.08581446386873721
0.08659258402884007
0.08781687386333942
0.08310004621744156
0.08945017583668231
0.0823531273752451
0.0870183228701353
0.08447014167904854
0.09281836807727814
0.08070464566349983
0.08698063589632511
0.08354104742407799
0.09105057753622532
0.08844197161495686
0.08596854716539383
0.08367622762918472
0.08874010227620602
0.09224071711301804
0.08693474479019642
0.08534760132431984
0.08404642134904862
0.08451376207172871
0.08430256739258767
0.0825272799283266
0.0900222922116518
0.09249626114964485
0.0863283021748066
0.08659577637910842
0.08558073736727238
0.09381103727966547
0.09048056505620479
0.0883403019607067
0.07869206011295318
0.08138928398489952
0.08270404972136021
0.0850373849272728
0.08866753116250038
0.08202532351016999
0.08251901790499687
0.08676582388579845
0.09084929920732975
0.08526502422988415
0.08272875003516673
0.09020488068461419
0.0896826907247305
0.08227847643196583
0.08183426342904568
0.0925838228315115
0.0826324363797903
0.08734090127050877
0.0864419762045145
0.0927868915349245
0.0869486041367054
0.08509656175971031
0.08985251985490322
0.08770692884922028
0.08670473232865333
0.08600253999233246
0.08952352561056615
0.08665865756571293
0.08573135137557983
0.09161106206476688
0.08035838477313519
0.08824628315865994
0.08406367860734462
0.08240282610058784
0.08085952512919903
0.08375333212316036
0.08422415606677532
0.08990639351308345
0.08594763547182083
0.08513978883624077
0.08498082857578992
0.08167973056435585
0.08647274151444435
0.08088164947926998
0.08509884126484395
0.08746468901634216
0.08723491676151753
0.08128107115626335
0.08312275066971779
0.08149774909019471
0.08344236388802528
0.08344284117221833
0.08556204319000243
0.08792416356503964
0.08320843286812306
0.08271282605826855
0.091171395778656
0.08169456072151661
0.0859113772958517
0.08593987375497818
0.09177902728319168
0.08733319528400899
0.08133323684334755
0.08791265048086644
0.08033533550798894
0.08958084881305695
0.0875205396860838
0.08676103718578815
0.08941385835409164
0.08313077613711357
0.08584208577871323
0.08893414802849292
0.08353772319853306
0.08562489554286003
0.08804230935871601
0.08962379790842533
0.08722408182919025
0.07958040237426758
0.08225928895175456
0.08887612700462341
0.08662701703608036
0.08585615873336792
0.0862771837413311
0.08436221353709698
0.08138233818113803
0.09108717247843742
0.07969818785786628
0.08880337446928024
0.08869839578866959
0.08500782821327448
0.08504224337637424
0.08863296374678611
0.08237318038940429
0.08087916418910027
0.08611431524157524
0.09271128363907337
0.09038541309535503
0.08554332420229911
0.08002870619297027
0.08261598981916904
0.08844593264162541
0.07983076944947243
0.084281270429492
0.08910337775945663
0.08720300406217575
0.08704711139202118
0.08434289649128913
0.0901784621924162
0.08839864112436771
0.0885692834109068
0.08620608612895012
0.08173237510025501
0.08513119198381901
0.09156045638024807
0.0846911058574915
0.07817069467157126
0.08226613961160183
0.0832817529141903
0.08588879317045212
0.08332667522132396
0.08516220636665821
0.08851983956992626
0.08165426194667816
0.0821314138919115
0.07809166818857192
0.08276096552610397
0.08459947310388088
0.07787361167371273
0.08129847049713135
0.08040054231882095
0.0910500930249691
0.0802538238465786
0.08437759757041931
0.08008120469748974
0.0909226806089282
0.08250469096004963
0.08519885458052158
0.08707612231373787
0.08835022546350955
0.0813911784440279
0.08538850076496601
0.08700240023434162
0.08898584574460983
0.08437725745141506
0.09025595135986805
0.08450413599610329
0.08872935257852077
0.08285888358950615
0.08161834597587586
0.08299991577863693
0.08365770787000656
0.08956458754837512
0.08824419058859348
0.08147029727697372
0.0859877610951662
0.0846231011301279
0.08573085114359856
0.08364053718745708
0.08388434112071991
0.08358906708657741
0.0844615474715829
0.08479600466787815
0.08190721236169338
0.08004277914762498
0.08760395109653472
0.0831392851471901
0.0853946913778782
0.08762901581823826
0.08795805357396602
0.08546678274869919
0.0861477030068636
0.08321919985115528
0.08713561892509461
0.0875970883667469
0.0803749193251133
0.08428176991641521
0.08617696739733219
0.08982563525438308
0.08064012289047241
0.08864580512046814
0.07920723300427199
0.08328339956700802
0.08820401191711426
0.08882559031248093
0.08222165964543819
0.09001189641654492
0.0834075704216957
0.08379407547414303
0.08434649795293808
0.08380461014807224
0.08234764687716961
0.08758979052305221
0.08265380404889583
0.08484720900654792
0.08089989744126797
0.08135457929223776
0.08649529814720154
0.07763299282640218
0.08339775294065475
0.09269972704350948
0.08396989837288857
0.08504788562655449
0.08259868361055851
0.08386970192193985
0.0864789629727602
0.08282698132097721
0.08676715135574341
0.09002462454140187
0.08212002605199814
0.08565763622522354
0.08409017104655504
0.08251441963016987
0.08586107090115547
0.08179259859025478
0.08382193334400653
0.08577280424535275
0.08601340480148792
0.09147502198815345
0.08198525793850422
0.08182783849537373
0.08263797126710415
0.0858680372685194
0.08827973276376724
0.08452252388000488
0.08624179840087891
0.08436978466808796
0.08902829438447953
0.07778118468821049
0.09099249929189682
0.08806130640208722
0.08431734688580036
0.07899451315402985
0.08442671947181225
0.08690793789923192
0.08499148622155189
0.08964599572122096
0.08046069502830505
0.09175106130540371
0.08805796906352042
0.08385354168713093
0.09066108621656895
0.07962109368294477
0.08319839611649513
0.08282470725476741
0.08664053201675415
0.08668797299265861
0.08869251102209091
0.08491994261741638
0.0783890014141798
0.07888983309268952
0.08141643971204758
0.08892463140189648
0.07602374583482742
0.08848662719130516
0.08492157734930515
0.0889364843070507
0.08938471339643002
0.08757323265075684
0.08274152845144273
0.08242057837545871
0.08358390688896179
0.0870259452611208
0.0789285346865654
0.0813849563524127
0.08229736506938934
0.08571448698639869
0.07940812379121781
0.08327070124447346
0.08450350195169448
0.08606158740818501
0.08893567740917206
0.08393151178956032
0.08452033646404743
0.08647120371460915
0.08767884738743305
0.08163669027388096
0.08200961895287037
0.09080643855035304
0.08308884128928185
0.08006171874701977
0.08685205914080144
0.08540635854005814
0.08218048371374607
0.08826064251363278
0.0848129340261221
0.08212829127907753
0.08630476452410221
0.08730158120393754
0.07997044332325459
0.08190615177154541
0.08614976063370705
0.08641412004828453
0.08431049771606922
0.0876712142676115
0.0867082218080759
0.08422526389360428
0.08619136057794094
0.08748474903404713
0.08459393255412578
0.0800363340228796
0.08982981212437152
0.10116662248969079
0.07836495846509933
0.07941120952367782
0.08186166897416115
0.07587135232985019
0.08206555366516113
0.0808358684927225
0.0777005373686552
0.07830461300909519
0.0834910287335515
0.07937022268772126
0.07726125709712506
0.07683453410863876
0.07313631869852542
0.0766288972645998
0.08113995663821698
0.08280725676566363
0.07568766582757235
0.0778912703692913
0.0760738193243742
0.0784752494096756
0.07676239520311355
0.07717217072844505
0.08195327252149581
0.07830312613397837
0.07944797269999981
0.07814537964761258
0.08434887059032917
0.07516822479665279
0.08303165428340435
0.0851364915072918
0.0814251260459423
0.07664024338126182
0.07895600643008947
0.08594069026410579
0.07980035565793514
0.07703160427510738
0.08580457612872124
0.07761595636606217
0.08143389791250229
0.07690755985677242
0.07480070143938064
0.07515858963131905
0.08088013544678688
0.08123041242361069
0.08149589698761701
0.08118440128862858
0.07682743698358535
0.08527168817818165
0.07615028157830238
0.08014626227319241
0.07926483757793903
0.0755864754319191
0.0817029419541359
0.08065278552472592
0.07983960248529912
0.0785562001913786
0.07812452495098114
0.0764150294661522
0.0763469348475337
0.08098417587578297
0.08185063272714616
0.0824732905626297
0.08063297875225545
0.08387477412819862
0.08645563662052154
0.07683341629803181
0.0788820281624794
0.07803669854998589
0.08193622320890427
0.08484427005052567
0.07148136228322982
0.07566169191151857
0.080799899995327
0.08006815489381552
0.07339245110750198
0.07901036575436592
0.07548827059566975
0.08113288886845112
0.08211336150765419
0.08298094615340233
0.0797672076523304
0.07993504129350186
0.07502555646002293
0.07411967426538467
0.07974159896373749
0.07697957172989846
0.07531928777694702
0.07801390491425991
0.07959032148122787
0.0767295279353857
0.07622223846614361
0.07773564323782921
0.07722182184457779
0.07480265736579896
0.07912712477147579
0.08163884520530701
0.08262520618736743
0.0767631945759058
0.08233650773763657
0.07935574002563954
0.085172733142972
0.07411804623901844
0.0815072125196457
0.0772274462133646
0.07783480748534202
0.07885579138994217
0.07719414263963699
0.07802252352237701
0.07986202139407396
0.07859941229224204
0.082259172052145
0.07777577005326748
0.07784388847649097
0.07895934283733368
0.08259981893002986
0.08022966749966144
0.07778630889952183
0.07692403655499219
0.07948832303285598
0.0786686497181654
0.07642454504966736
0.07700325913727284
0.08161510601639747
0.07671917840838433
0.07665823251008988
0.0812019881606102
0.07902483601123095
0.08077271595597267
0.07604323245584965
0.08110084906220436
0.07707256734371186
0.0750461946055293
0.08209746234118938
0.08301121078431606
0.07193065449595451
0.07996906697750092
0.08534219995141029
0.08513716615736484
0.07620325244963169
0.0757366756349802
0.07923185989260674
0.0769469952583313
0.07665675193071365
0.07799638401716948
0.08197612456977367
0.07994954369962215
0.08059450171887875
0.08221896458417177
0.08519691333174706
0.07659117564558983
0.07815703131258488
0.07951664224267006
0.07622396349906921
0.07901179865002632
0.08192695744335651
0.08076232336461545
0.07833337813615798
0.08120497211813926
0.0780510364100337
0.07685734394937754
0.07751143947243691
0.08016501277685166
0.07903370171785355
0.08118971854448319
0.07746504798531532
0.07973840415477752
0.07983749821782112
0.08397453710436821
0.080671024620533
0.08081986762583256
0.08189072616398335
0.0820624765008688
0.079403041228652
0.07980762109160423
0.07839080352336168
0.08268474951386452
0.08254714980721474
0.08085036054253578
0.07986910566687584
0.08000360131263733
0.08363748349249363
0.07364068455994129
0.08432818986475468
0.07874607078731061
0.07950775265693664
0.07134417917579412
0.08036302879452706
0.0803841283172369
0.07694047924131155
0.0798005699366331
0.0807879076898098
0.07941593989729881
0.08073009833693505
0.08101970471441745
0.07775820955634118
0.07993686415255069
0.07140686422586441
0.07545326046645641
0.07553618390113115
0.081078707203269
0.08030445896089076
0.07651279971003533
0.07495935849845409
0.07335067108273506
0.07890830952674151
0.07815373368561268
0.08226184658706188
0.07738671541213989
0.0766570258140564
0.07723683841526509
0.08444133371114732
0.08558271184563637
0.07864653810858727
0.0806215950101614
0.08135167483240366
0.08391464844346047
0.0830127739161253
0.07723074674606323
0.08091568775475025
0.08016588062047958
0.07866396293044091
0.08126123733818531
0.07674058608710765
0.08525087863206864
0.07444897808134555
0.07422222644090652
0.0825827519595623
0.07890181228518486
0.08029550157487392
0.0836720984429121
0.07931689739227295
0.08031180091202259
0.08534025482833385
0.0771071857959032
0.07388762950897217
0.07549906514585018
0.07756357252597809
0.07688705734908581
0.07700444787740707
0.08455645948648453
0.08017317913472652
0.07535753823816776
0.07524316780269145
0.07928678393363953
0.07868247162550687
0.07436192773282528
0.08331773042678833
0.0793513209745288
0.0740944715589285
0.0796057141199708
0.08062892645597458
0.07365922212600708
0.07606487944722176
0.07565883018076419
0.07249231077730656
0.07707367271184921
0.07814746074378491
0.07900195538997651
0.08518052570521832
0.08117487978190184
0.07085569936782121
0.07710852429270744
0.07976202186197043
0.07973869152367115
0.07513452276587486
0.08166319258511066
0.08218081951141358
0.07921621099114418
0.07770995825529098
0.07910656534135342
0.08086654998362064
0.07922703608870506
0.07951376266777516
0.08290755473077298
0.0765090424567461
0.0800435434281826
0.07657362774014473
0.07917455323040486
0.0839364879205823
0.08217996917665005
0.07839240178465844
0.07623350411653519
0.08216057784855366
0.07875215012580156
0.07818624928593636
0.08307453386485576
0.07560591168701648
0.07922279953956604
0.08103327166289091
0.0789235346019268
0.07736527055501938
0.0807979328930378
0.07675857663154602
0.08206478461623191
0.08330958765000104
0.07631593231111765
0.08604446716606617
0.07984347350895404
0.07925105847418308
0.07715093486011028
0.07894864581525325
0.07856342054903508
0.07844903938472271
0.07376602567732334
0.075769965313375
0.07978725895285606
0.07884317353367805
0.07944527097046375
0.08086252935230732
0.08072685211896896
0.07275742150843144
0.07709838449954987
0.0831368637830019
0.0778438177704811
0.08576313611119986
0.0806296506524086
0.07896303407847881
0.07972688898444176
0.0786769813299179
0.07491531759500504
0.07910456195473671
0.07628527805209159
0.07484017990529537
0.07494278527796268
0.07954441420733929
0.07871259704232215
0.07638184290379285
0.0826781439036131
0.07730480931699275
0.08053756169974804
0.07622028432786465
0.07850893050432205
0.08455464117228985
0.08121211625635624
0.08053145922720432
0.0760318348556757
0.08308291334658861
0.07854630276560784
0.08350587464869022
0.07799860320985318
0.07522709511220455
0.07947461485862732
0.08106540180742741
0.07542802795767783
0.08577886916697025
0.08537861198186875
0.07882647439837456
0.07692455418407917
0.07111492797732354
0.0817959176748991
0.08443749867379666
0.08106930367648602
0.07387101069092751
0.07764613941311836
0.07825839489698411
0.08481365345418453
0.0791307670623064
0.0835188740491867
0.07822454869747161
0.08309841774404049
0.07810478705912828
0.0851715774089098
0.08103944532573223
0.07406409732997417
0.08047033056616783
0.07916208729147911
0.07327906493097544
0.08141984656453133
0.08295726306736469
0.08025437131524087
0.07738603495061397
0.081681664660573
0.07515146661549807
0.076979735866189
0.07924302518367768
0.08048334769904614
0.08334842532873153
0.07759208403527737
0.07829264797270298
0.08159290991723538
0.08228199280798436
0.0748762283846736
0.07967761114239692
0.08071567587554455
0.0803984183818102
0.0831943641602993
0.07799200646579266
0.07567318245768546
0.07801522396504879
0.07764221683144569
0.0733146383613348
0.08051864892244338
0.07462418045848608
0.07257738098502159
0.07976180709898471
0.0821204836666584
0.07822266831994057
0.08197658330202102
0.08464246779680253
0.07218889079988003
0.07093235000967979
0.0852267587929964
0.07775032609701156
0.0770950336009264
0.07757833868265152
0.07535876743495465
0.07506483159959317
0.07664397038519383
0.0775032639503479
0.07404975816607476
0.0822681500762701
0.08003853425383568
0.08216869994997979
0.0779003218561411
0.08040329944342375
0.07772340573370456
0.0838467326015234
0.0762647195532918
0.0787325669080019
0.07853033691644669
0.08039645798504352
0.080421625636518
0.07886123914271594
0.07719062738120556
0.0733807134628296
0.08472566112875939
0.08026047095656395
0.0696201230213046
0.08135314546525478
0.0817910236120224
0.08068831264972687
0.08121880371123552
0.07668186403810978
0.08316995464265346
0.07950438559055328
0.07828878775238991
0.0778540237620473
0.07578957054764032
0.07717025250196458
0.07829286903142929
0.08088652551174164
0.08328958243131637
0.08435288153588771
0.0798853299766779
0.08402234762907028
0.07733399540185928
0.07787987776100636
0.07642438858747483
0.08012269727885724
0.08218104235827922
0.07746148377656936
0.0803465935960412
0.07640207290649415
0.08042629800736904
0.07876636765897274
0.08167769171297551
0.08691249907016754
0.08016808435320855
0.075401656255126
0.07524314284324646
0.0818113149702549
0.07493198126554489
0.08011660069227218
0.0808370678126812
0.08088552601635456
0.07886990636587143
0.08533114604651929
0.07931276693940163
0.07586747378110886
0.07930344250053167
0.08300790056586266
0.080694038271904
0.07727935686707496
0.08140953816473484
0.07910057805478572
0.08247521609067916
0.07956563346087933
0.07716771952807903
0.08196949407458305
0.0778751403093338
0.0754284080117941
0.0826877723634243
0.08043943703174591
0.07927404895424843
0.0803996366262436
0.07984783358871937
0.07656399577856064
0.08487694375216961
0.07298136003315449
0.07272745046764612
0.07864626109600067
0.08184509433805942
0.08178091883659362
0.07718834780156612
0.07730880457907915
0.07578244782984257
0.08880987413227558
0.07690952777862549
0.08002201475203037
0.07868371687829495
0.07635362319648266
0.07889627382159232
0.08175228089094162
0.0757491422444582
0.0843067492544651
0.08160235658288002
0.07939343743026256
0.07802028432488442
0.07612383663654328
0.07842260114848613
0.075716722458601
0.07951755087822676
0.07923169612884522
0.07808583319187164
0.07528422139585018
0.07958573438227176
0.07895005747675896
0.08053545951843262
0.07474247686564922
0.08011879742145539
0.08234872542321682
0.07853073954582214
0.0755053136497736
0.0757339508086443
0.08189361423254013
0.08147115893661976
0.08188797116279602
0.08005177777260541
0.08088661961257458
0.08389109283685685
0.07468138232827187
0.07493823431432248
0.08286793269217015
0.08108655728399754
0.08007405795156956
0.07796341873705387
0.07878298975527287
0.07894481040537357
0.07881845511496068
0.07841532506048679
0.0717785169929266
0.0749325218051672
0.07709461562335491
0.07274250216782092
0.08079046223312616
0.08391446635127067
0.07844581380486489
0.08376565299928189
0.08215740852057934
0.08215854421257973
0.07931742601096631
0.08061511851847172
0.08002530694007874
0.07699875175952911
0.07835161626338959
0.08633801192045212
0.0766755110770464
0.08122137606143952
0.07677291013300419
0.07501449059695005
0.07442210428416729
0.08273157700896264
0.0827474658191204
0.08053674340248108
0.07341667503118515
0.07812575802206993
0.07603055737912655
0.07907355546951295
0.07842580415308475
0.077296212464571
0.08515288602560758
0.08050177998840809
0.07649708859622478
0.07878299877047538
0.08060168296098709
0.07619262270629407
0.07822005793452264
0.07779691025614738
0.07988138020038604
0.07995740935206413
0.07874867759644985
0.0815016357600689
0.0767611438035965
0.07453736446797848
0.07378215320408345
0.0786370537430048
0.08050428532063961
0.07865131221711635
0.0741707692295313
0.07718295581638814
0.07910835675895214
0.07961534164845943
0.07515791773796082
0.07862193640321494
0.07562880031764507
0.08082627214491367
0.07674218229949474
0.08455302327871322
0.08182942926883698
0.07927261650562287
0.08033976361155509
0.08097128845751285
0.08422806426882744
0.079697350487113
0.08184184662997723
0.08103565208613872
0.07722701013088226
0.0777347157150507
0.0767505270242691
0.0789162740111351
0.07952413186430932
0.07901876583695412
0.07871851831674576
0.08151193842291832
0.0838079209625721
0.07546183846890926
0.08634305492043495
0.07778744079172611
0.07421379707753659
0.08265618585050107
0.07968420274555683
0.07711741603910922
0.07786774791777135
0.08013431675732136
0.0798351912945509
0.07667833168059587
0.07681232325732708
0.0751755341142416
0.07524052172899247
0.08134924314916134
0.08043507114052773
0.07488792464137077
0.08306678779423236
0.07663129907101393
0.08329736452549696
0.0762501260638237
0.0822578689083457
0.07883258156478405
0.07867841254919768
0.07601489871740341
0.07724446162581444
0.08221053943037987
0.07597819447517395
0.07612133674323558
0.08148405373096466
0.07772567830979824
0.08056402891874313
0.07857527375221253
0.07888454116880894
0.08596191428601742
0.07738755039870739
0.07573720514774322
0.08217456310987473
0.0791341357678175
0.08572184585034848
0.07732085444033146
0.07507147490978242
0.07910318709909916
0.08156410552561283
0.0749189031124115
0.08387722790241242
0.08374671146273613
0.0758265719562769
0.08121501497924327
0.07929263338446617
0.08214353874325753
0.07857595182955265
0.07607932016253471
0.07719418406486511
0.07651369944214821
0.07965761952102185
0.07619906380772591
0.0785463909804821
0.0775161163508892
0.07786391571164131
0.07887288883328437
0.0808077997714281
0.08486497119069099
0.07902496300637722
0.08140781365334987
0.08147108025848865
0.07969660118222237
0.08159915305674076
0.08191539727151394
0.08019972775131463
0.08175532065331936
0.07634805388748646
0.08335178613662719
0.08699055641889572
0.07837878353893757
0.08124463930726052
0.07769396975636482
0.08068384036421776
0.07951141916215419
0.07703762292861939
0.08297687098383903
0.08187997564673424
0.08427258871495724
0.08288312308490277
0.07614465802907944
0.07786625795066357
0.08198330901563168
0.07370909299701452
0.08127506010234356
0.07470044501125812
0.07859092779457569
0.0768013348057866
0.08403484001755715
0.07860158383846283
0.0782120644301176
0.0740019578486681
0.07742902532219886
0.07856922209262848
0.08752570152282715
0.08196349486708641
0.08297599904239178
0.07821652814745902
0.07980432152748108
0.08014069959521293
0.07754676856100559
0.07576849542558194
0.07689123664051295
0.07254542455077172
0.08078830234706402
0.0756990846991539
0.0766057413071394
0.078543024584651
0.08656618855893612
0.07643006257712841
0.08173076033592225
0.07730495207011699
0.07781219594180584
0.08233448401093484
0.07973967552185059
0.08333339005708694
0.07993877373635769
0.07783408924937248
0.07826881796121597
0.07887290574610234
0.08090189658105373
0.08378619529306888
0.07652270965278149
0.07795992434024811
0.08109779879450799
0.08008035019040108
0.07998152941465378
0.07883216366171837
0.07458740334957838
0.07888216450810433
0.07454326584935188
0.08165697261691093
0.08346129886806011
0.07694422148168087
0.08014631234109401
0.079367541000247
0.08464215330779552
0.08119165197014809
0.07863819345831871
0.07468809738755226
0.0798224089294672
0.08270708337426186
0.07683943979442119
0.07365764513611793
0.0808989904820919
0.08132618933916091
0.08078357748687268
0.07968010306358338
0.07584484942257404
0.08268000077456236
0.08102965168654919
0.08200971588492394
0.07383522350341082
0.08112014807760716
0.07606476105749607
0.07652799036353826
0.0778563954681158
0.07701817631721497
0.07365820623934269
0.0798808379471302
0.0784376884251833
0.07997787207365036
0.07423090480268002
0.07964515239000321
0.07525912057608367
0.08074788331985473
0.0745424460619688
0.07691527828574181
0.08333541296422481
0.08167559817433358
0.0806735997647047
0.08012192651629448
0.07396564617753029
0.0732201174646616
0.07847393315285445
0.0838718667626381
0.07253469832241535
0.0814579513669014
0.07592647895216942
0.08112817391753196
0.07747257649898528
0.08348199330270291
0.08149270489811897
0.0808804152160883
0.08391128189861774
0.08071307703852654
0.07556012161076069
0.08315779373049736
0.07729296773672104
0.07816277407109737
0.08019226491451263
0.0803879214823246
0.08236264802515507
0.0822263178229332
0.07926860563457012
0.08004540152847767
0.0780449740588665
0.08218368884176015
0.08327257096767425
0.07654554173350334
0.07838317945599556
0.0740223067253828
0.08088178165256978
0.08155686751008034
0.07816538996994496
0.08039201628416777
0.07802996508777142
0.0807351142913103
0.07853261932730675
0.07880344934761524
0.08041725680232048
0.07932054288685322
0.07992379620671272
0.08350045412778855
0.07597625274211169
0.07820476107299328
0.0772545014321804
0.07907892696559429
0.08360792793333531
0.08148483842611313
0.07699234530329704
0.0867619314044714
0.08282719634473323
0.07972418621182442
0.08313205599784851
0.07705321155488491
0.08148010931909085
0.08160547353327274
0.07924286410212517
0.07604140594601631
0.0750724931806326
0.08194179847836494
0.0801409562677145
0.07814043544232846
0.0834614809602499
0.079752629250288
0.08091645777225494
0.0790280169993639
0.07464002598077059
0.07770777560770512
0.08166927181184291
0.07340159881860017
0.07916084833443165
0.07320958506315947
0.08255491957068443
0.07996092922985554
0.08167314544320106
0.07654658511281014
0.07476409405469894
0.07754533492028713
0.08624901503324509
0.08261293832212686
0.07657292447984218
0.07859947860240936
0.07639686442911625
0.07658962167799473
0.07785829186439513
0.07719321370124817
0.07561373893171548
0.07822802409529686
0.07788176052272319
0.08019932709634305
0.07642158020287752
0.07553759414702654
0.0782090713828802
0.07589558266103268
0.07982392895966768
0.08349625639617443
0.07529210299253464
0.07858177937567234
0.08008552633225918
0.07308738343417645
0.07347959697246552
0.08557477749884129
0.07704997882246971
0.07661378778517246
0.07794628292322159
0.07245368666946889
0.07886937685310841
0.08195357032120228
0.07900093637406826
0.07573930770158768
0.0788205037266016
0.07430505529046058
0.08330664746463298
0.07925165653228759
0.08267421878874302
0.0776353970170021
0.07715456314384937
0.07687947265803814
0.07859383288770914
0.07450825285166501
0.07430370569229126
0.07878787398338317
0.08285286672413349
0.07907171823084354
0.07345028690993786
0.07761549636721611
0.07127592351287604
0.08103642009198665
0.08597313247621059
0.08337184749543666
0.07885220594704151
0.08029468581080437
0.07638238683342934
0.07816214002668857
0.07142438352108002
0.07345776945352554
0.07767767943441868
0.08336557626724243
0.08199694506824017
0.07887458041310311
0.07801793687045575
0.08080419383943081
0.08293116465210915
0.0814490793645382
0.07892281331121921
0.0824393893778324
0.07844364523887634
0.07322019755840302
0.08502442091703415
0.07845519587397576
0.07999889701604843
0.07910398617386818
0.08163635104894638
0.07998490422964095
0.07942350618541241
0.07748902261257172
0.07439474537968635
0.07977202370762825
0.0803035157546401
0.07567276455461978
0.07557631973177195
0.07729222871363163
0.08416540376842022
0.08350735329091549
0.07619210697710514
0.0726848553493619
0.07968037851154804
0.08027028545737266
0.07634223032742739
0.07702907748520374
0.07903747014701366
0.07573535710573197
0.07495830304920674
0.07781698495149612
0.08271019078791142
0.07585930947214364
0.07555855803191662
0.0814172600582242
0.08000510536134244
0.08187423437833787
0.08498409040272235
0.08067015379667282
0.07951437033712865
0.07625776723027229
0.08163234017789364
0.07733121272176505
0.07866274274885654
0.07942400790750981
0.08296991720795631
0.07657232321798801
0.078789491802454
0.07746893540024757
0.07975654505193233
0.07966181740164757
0.07704110287129878
0.07807115729898215
0.07526823960244655
0.07876192361116409
0.07357616558670997
0.07882806062698364
0.08032877452671527
0.07667560756206512
0.07305787414312363
0.0835622788220644
0.081044532507658
0.07325043596327305
0.07938574306666851
0.07558005429804325
0.08068627275526524
0.07560009583830833
0.08139758385717868
0.0813169701397419
0.07594132281839848
0.0755200755596161
0.08011780716478825
0.08022669948637486
0.07706463105976581
0.08136620104312897
0.078363362737
0.07812034629285336
0.08121554233133793
0.07872311413288116
0.07306178566068411
0.08175675049424172
0.07664183542132377
0.07811767332255841
0.079554995149374
0.07863011814653874
0.08739314902573823
0.06676866486668587
0.0702085703611374
0.06937810942530633
0.07403641805052757
0.06707827351987362
0.07140840694308281
0.0678440123796463
0.06743510097265243
0.07479102935642004
0.06770197279751301
0.07238106101751328
0.07636459164321423
0.06962709587067366
0.07194981418550014
0.07215789876878262
0.07405623488128185
0.0749369865655899
0.06762896295636893
0.07528002344071866
0.0696473279595375
0.07286438651382923
0.07233393661677838
0.07512983202934265
0.06924899473786354
0.06681067064404488
0.0721271038800478
0.07284795738756657
0.07072814375162124
0.0724928393959999
0.06789796371012927
0.07061359412968159
0.07570654757320881
0.07248206712305545
0.06939937967807054
0.0691016336530447
0.06974953643977642
0.07165139339864254
0.07010184355080128
0.07556297056376934
0.07508976481854916
0.07064546272158623
0.07208854723721743
0.07386404640972614
0.06951396469026803
0.07156537421047687
0.07464174769818782
0.07470328703522683
0.07778631933033467
0.07436847917735577
0.07354561604559422
0.07355693742632866
0.07116236716508866
0.0685538012161851
0.07281854428350926
0.07085974927991628
0.06456312403082848
0.07372994281351566
0.07033982276916503
0.07105852909386158
0.07529903009533882
0.07319506362080574
0.0740815081447363
0.07338634796440602
0.06996350102126599
0.07076741822063923
0.07688611797988415
0.07240474991500377
0.07607433691620827
0.0705818634107709
0.07334041938185692
0.07288418784737587
0.07404496103525161
0.07340085469186305
0.07487263455986977
0.07475718356668949
0.07716550566256046
0.06836827985942363
0.06827212028205394
0.07229095738381147
0.06750326126813888
0.07425110228359699
0.06806925609707833
0.0760139137133956
0.07683211773633956
0.07405291393399238
0.07287778116762639
0.07582197584211826
0.0748608636856079
0.07382237803190947
0.07424494177103043
0.07010232418775558
0.07449843086302281
0.06559153251349926
0.07411414206027984
0.07281087443232537
0.0765086841583252
0.07048578988760709
0.06832361318171025
0.07157545395195485
0.07513743676245213
0.07799750983715058
0.0758318030834198
0.07391875043511391
0.07855838850140572
0.07050281770527363
0.07432577837258578
0.0732658314704895
0.07534465536475182
0.07282216802239418
0.07493499599397183
0.0656213815882802
0.07225189987570048
0.06751639105379581
0.0763456678390503
0.06874138984829187
0.07184416964650155
0.07318509325385093
0.07543597884476184
0.07505311273038387
0.07247046895325183
0.07333922155201435
0.06973624743521213
0.07122764363884926
0.06634235978126526
0.07492788046598435
0.06887509688735008
0.06981562532484531
0.07371487468481064
0.0731707365065813
0.07553709805011749
0.07188516162335873
0.07494982533156871
0.0744622028619051
0.07247956104576588
0.0744526993483305
0.07108080223202705
0.07485240533947944
0.07094544034451246
0.0693515494465828
0.06988435834646226
0.07227298550307751
0.0689337558299303
0.07109774999320508
0.06931547947227955
0.07255408324301243
0.06980719700455666
0.07492337822914123
0.06898479163646698
0.07075120650231838
0.07551512949168682
0.07142167218029499
0.07500659756362438
0.07908506520092487
0.07419413648545742
0.07182191915810109
0.0748978828638792
0.06696548722684384
0.07381514821201562
0.0727551905810833
0.07166567981243134
0.07123730108141899
0.0722270942479372
0.07655220277607441
0.07421786151826382
0.07270102277398109
0.0727769523113966
0.06969764709472656
0.07708106387406588
0.07073170252144337
0.0669814397022128
0.07419597499072551
0.0727577693760395
0.07066166058182716
0.06870117962360382
0.06997750118374825
0.07219032160937786
0.07635493353009223
0.07365017779171466
0.07204713113605976
0.07465110175311565
0.06663947802037001
0.07449562527239323
0.07302313927561045
0.07571023009717465
0.0672929584980011
0.0665931000560522
0.06680792309343815
0.07088617973029614
0.07476037107408047
0.07016530442982911
0.07124793279916047
0.06979455664753914
0.07052351117134094
0.06972722940146923
0.07359868280589581
0.07127923030406237
0.07137538995593787
0.0689950167387724
0.07036977335810661
0.07010071493685245
0.07429285772144795
0.07295184522867203
0.07264951281249524
0.07771100975573063
0.0697203155606985
0.07354307904839516
0.07473843976855278
0.07171670205891133
0.07160571895539761
0.07254502955824137
0.06884900260716677
0.07311005651950836
0.07182711355388165
0.07456817626953124
0.06588495023548603
0.06696469128131867
0.07367829456925393
0.07219158500432968
0.07108618471771479
0.07088666141033173
0.07331452697515488
0.0736005161702633
0.07327130101621152
0.07377906378358602
0.0733064764738083
0.07075495786964893
0.0723271869122982
0.07172471776604653
0.07276579279452562
0.07457041420042515
0.07253110356628895
0.0778987131267786
0.07497489966452121
0.0718841341137886
0.07513641037046909
0.07419950783252716
0.06901605896651745
0.07030814096331596
0.07200355235487223
0.0780842424929142
0.07165318660438061
0.07340247035026551
0.06966944135725499
0.07358504071831704
0.07446481734514236
0.07190721660852432
0.07639315910637379
0.07244554720818996
0.07590977147221566
0.06781475272029638
0.07149354323744773
0.06667857341468335
0.07500370934605599
0.07395075924694539
0.06898838885128498
0.07067861173301936
0.07609999019652605
0.07250328250229358
0.07438458256423473
0.07584453783929349
0.06852126382291317
0.07454058934003115
0.07432067528367042
0.07237058572471142
0.07522207364439965
0.07451691988855601
0.07321692541241646
0.07178998455405235
0.0727082484960556
0.07357370249927044
0.07553381741046905
0.06835543181747199
0.07826949272304773
0.07247871831059456
0.06812501698732376
0.07409498788416385
0.07331290371716022
0.07758562386035919
0.07473174877464771
0.06998986795544625
0.07264302514493465
0.07453029736876488
0.07515791185200214
0.06926125112921
0.07573708198964596
0.07765250004827977
0.07534127775579691
0.07248790346086026
0.07008916072547436
0.07460487879812717
0.07581589706242084
0.07091410756111145
0.07377079494297505
0.07259135738015175
0.07079007618129253
0.0748177307844162
0.07275706589221954
0.07390965446829796
0.07415028616786003
0.07289654079824687
0.06946320801973344
0.06832415148615838
0.07151281677186488
0.0769922211021185
0.06857232518494129
0.07314562380313873
0.0678437052667141
0.07654052458703518
0.0714064209908247
0.06999438811093568
0.06794040508568287
0.07650891870260239
0.06917911268770695
0.07321819819509984
0.07324516229331493
0.0740002565830946
0.07250347301363945
0.06855862729251384
0.07001953825354576
0.07644079580903053
0.07027643773704767
0.07215133793652058
0.07425877422094346
0.07254499904811382
0.06767425868660211
0.06864836044609547
0.07236824549734593
0.07576597969979047
0.06988411840051413
0.07052571505308151
0.07216888371855021
0.07338369898498058
0.07444476440548897
0.07357772134244442
0.06781299479305744
0.07299157984554767
0.06942878760397435
0.07093730550259351
0.0725913467258215
0.07358901277184486
0.07324176073074341
0.07410620119422674
0.07229064397513867
0.07203632593154907
0.0698944292590022
0.07296075865626335
0.07039782203733921
0.07328461870551109
0.06810157634317875
0.07741847708821296
0.07384171821177006
0.06896115735173225
0.07257183458656073
0.07190843053162098
0.07221334472298623
0.06433623824268579
0.06986746713519096
0.07775957800447941
0.07848376736044883
0.07218109708279372
0.07212985090911389
0.06991663407534361
0.07456207238137721
0.06848594292998314
0.07248591013252735
0.06619399927556514
0.0702993357181549
0.07031083397567273
0.07578765373677016
0.07072322532534599
0.06889009859412909
0.07534709900617599
0.07251605466008186
0.07466327585279942
0.07481023147702218
0.07089367598295211
0.06996824316680432
0.07355232201516629
0.07207799106836318
0.07405128367245198
0.07541035622358322
0.06658608421683311
0.07108749836683273
0.07517658598721028
0.072574497833848
0.07459810271859169
0.07224513836205006
0.07380494803190231
0.0746193265169859
0.07264758098870516
0.06892004583030939
0.06730819553136826
0.07327205687761307
0.072907445281744
0.0702796446532011
0.07367261730134488
0.06972634945064783
0.07300386980175971
0.0691255871206522
0.07420027166604996
0.06836955480277539
0.07329528659582138
0.06919860728085041
0.07333545170724393
0.06987211272120476
0.07174440830945969
0.075604979544878
0.0731900180876255
0.06764562882483005
0.07520585894584655
0.07452586270868779
0.07276016861200332
0.06874357234686614
0.07204727098345756
0.06863776125013828
0.06804920934140682
0.0710684260725975
0.07012421734631062
0.07330142691731453
0.0718218147009611
0.07197267640382052
0.07133937090635299
0.07155116528272629
0.07154509238898754
0.07233002088963986
0.07136022366583347
0.07223116837441922
0.07241963058710098
0.07428716696798801
0.07164674613624811
0.06990920171141625
0.0703314046189189
0.0773607199639082
0.07497061900794506
0.0760815479233861
0.06822517152875662
0.07135751713067293
0.07126435577869415
0.07776666756719351
0.06992269799113274
0.07388365037739276
0.07429521203041077
0.07382670871913433
0.07390481486916542
0.07663535609841347
0.07539414513856173
0.07247338250279427
0.07426303319633007
0.07217971060425044
0.0722235793620348
0.07032523967325688
0.06816854510456323
0.06533775325864553
0.0816987406089902
0.07113983273506165
0.07491208970546723
0.06945668116211891
0.07016769416630268
0.07287834562361241
0.07680775426328182
0.07077736236155033
0.06778603598475456
0.07315782178193331
0.06862237639725208
0.06841404840350152
0.0736176385730505
0.07193892404437065
0.06794194087386131
0.07066696975380182
0.06981921806931496
0.07475815996527672
0.0740109746158123
0.07433896690607071
0.07161150105297566
0.06787884339690209
0.07438527077436446
0.07190565846860408
0.07389280401170253
0.06976280301809311
0.07313381992280484
0.06690825317054987
0.07233735650777817
0.07272361747920514
0.07540087401866913
0.07263339079916477
0.06970795471221208
0.06857919719070196
0.07681095376610755
0.06810307428240776
0.0700902796536684
0.07241711374372244
0.07507538542151451
0.07138175003230572
0.0724972752481699
0.07533623285591602
0.07302135482430458
0.07181385539472103
0.07107891544699668
0.07174775630235672
0.07503770656883717
0.07341651495546103
0.0666537593305111
0.06919057883322238
0.07353699736297131
0.07228132471442222
0.07148726455867291
0.07030198752880096
0.06784285590052605
0.07218734055757522
0.07446038261055947
0.07365867368876934
0.07387176156044006
0.0724966037645936
0.07634632367640734
0.06852417141199112
0.07553912445902825
0.06971587844192982
0.07769279517233371
0.07253624685108662
0.0705658259242773
0.07110097594559192
0.07177205674350262
0.07258026018738746
0.07000718634575605
0.07217652793973685
0.07055541411042214
0.07152303650975228
0.07042385343462229
0.07346074186265468
0.07101022414863109
0.06994752436876298
0.07011209197342395
0.06824438937008381
0.07284622728824615
0.07122669525444508
0.0797595239430666
0.06934658885002136
0.07877544030547141
0.07637672245502472
0.07005330868065357
0.06854825869202613
0.07058390110731125
0.06916582208126783
0.07167883284389973
0.07346237994730473
0.07220409717410803
0.07416415967047214
0.0727195230126381
0.07653828531503677
0.07083755187690258
0.07003242932260037
0.0714150882512331
0.0722045461833477
0.07212515033781529
0.07674495808780193
0.07605634696781635
0.07376706890761853
0.07319367915391922
0.06841884326189757
0.07604670524597168
0.07305974468588829
0.07168822079896926
0.072976258918643
0.07418226666748523
0.07085122469812631
0.07319156274199486
0.0728937079757452
0.07364564374089241
0.07308691419661045
0.06648627616465091
0.0730483864992857
0.0723208836838603
0.06509155333042145
0.06628775537014008
0.07336131229996681
0.07117715254426002
0.06533841207623482
0.07477291516959667
0.07169407315552234
0.07237293682992459
0.07181978229433299
0.07086959227919579
0.07013738855719566
0.07246470052748918
0.07276156567037105
0.07832913421094417
0.07347502417862416
0.06999485462903976
0.070354373306036
0.07389941025525332
0.06742251731455326
0.07431230828166008
0.07342198710888624
0.07470572270452976
0.07517660692334176
0.07560499750077725
0.07251971267163754
0.07304225869476795
0.07709424391388893
0.07802192084491252
0.07893010713160038
0.07485222134739161
0.07116256974637508
0.06693250544369221
0.07500275038182735
0.07428819686174393
0.07466287963092327
0.07434919640421868
0.06801697731018067
0.07464599944651126
0.07197851035743952
0.0693420372903347
0.06626092003658414
0.0692584802955389
0.06745791472494603
0.075351148173213
0.06901139542460441
0.07222724489867688
0.06839218743145466
0.07143357422202826
0.06887269072234631
0.077667196393013
0.07018426597118378
0.07569301702082157
0.07749535165727138
0.07755917079746723
0.07578554928302765
0.07509097710251808
0.07413691524416208
0.06804548546671868
0.07177738353610039
0.06778885878622531
0.07457315444946289
0.07527115747332573
0.06623647727072239
0.07008750528097153
0.07055895935744047
0.07417810518294572
0.074074364900589
0.07280800588428975
0.072515689432621
0.0723267875611782
0.07489970237016678
0.07210187818855048
0.07102045141160489
0.07537154953926802
0.07248518571257591
0.0727504986524582
0.07200897827744485
0.07237758114933968
0.07431255508214235
0.06810376197099685
0.07400233410298825
0.07471993304789067
0.07045662607997656
0.0722931344807148
0.0750150839984417
0.0753985869511962
0.07383554734289646
0.07602478682994843
0.07257532395422459
0.06700407389551401
0.07403803907334805
0.06921528816223145
0.06665357269346714
0.07023393392562866
0.07784151755273343
0.07137305535376072
0.07426742613315582
0.07443260930478574
0.07772943861782551
0.06750181324779987
0.0680555221438408
0.07202253978699445
0.07412266552448273
0.0722803645581007
0.06942112606018781
0.06953294672071934
0.06910519041121006
0.07577367387712002
0.07348269559442996
0.0743972983956337
0.071560735180974
0.0762014152109623
0.07272209383547307
0.06968006126582622
0.07037773758172988
0.07089203432202339
0.07058942779898643
0.07203522406518459
0.07311840578913689
0.0720745562762022
0.07354702234268189
0.07003674980252982
0.06812115117907525
0.07238952655345202
0.07125192269682884
0.07607553832232952
0.07814626775681972
0.07271121203899383
0.07872441411018372
0.07259114153683185
0.07007168345153332
0.07240129381418228
0.0744527230411768
0.06697359941899776
0.0706021336466074
0.07263365343213081
0.07052757255733014
0.07031374156475068
0.0732803800702095
0.07507331561297179
0.07379349365830422
0.07482820317149162
0.06667698003351688
0.07654667630791664
0.07620188526809216
0.07202855445444584
0.07505329146981239
0.0708248483389616
0.07536989584565162
0.07491886876523494
0.075189667083323
0.07646150082349777
0.07188995957374572
0.0708155408501625
0.07335031151771546
0.07316444937139749
0.07052705831825733
0.07265973605215549
0.0739743147790432
0.07444073677062989
0.07944355100393295
0.06886968053877354
0.06881626717746257
0.07371468853205443
0.07408878147602081
0.06979634165763855
0.07283437937498093
0.07248843174427748
0.07245354503393173
0.0704110822826624
0.07094636611640454
0.07352423898875714
0.07407525658607483
0.07315382696688175
0.07784073531627655
0.07177733451128006
0.07128908678889274
0.06756778530776501
0.07336742080748081
0.07101874761283397
0.07578906439244747
0.07428518660366536
0.07539661675691604
0.06946793034672737
0.0731197090446949
0.07533402733504772
0.07348513171076775
0.06776396468281747
0.07448568724095822
0.0761895801872015
0.07741720221936703
0.07034817662090063
0.07163345485925675
0.07441930770874024
0.07612621046602726
0.06976681001484394
0.07251398108899593
0.07631084062159062
0.07014412038028241
0.07109877221286297
0.07099373556673527
0.06935576822608709
0.07453766532242298
0.07306018486618995
0.06828222379088401
0.07721966821700335
0.0738939657062292
0.0721697299182415
0.07411721952259541
0.07520263910293579
0.07393012695014477
0.07427263878285885
0.06782914631068707
0.07160833470523358
0.0769815494865179
0.07720222420990468
0.07082603581249713
0.07757866427302361
0.07206816621124744
0.07635244853794575
0.07139979831874371
0.06675943080335855
0.07335449136793613
0.07290454916656017
0.07487107053399086
0.07372353218495846
0.07183575391769409
0.07394875355064869
0.07659230791032315
0.06973106667399406
0.07347554083913564
0.07287649273872375
0.06912742953747511
0.07475482366979122
0.06579122360795736
0.07675456307828427
0.07516275629401208
0.07445183090865612
0.07247344996780157
0.06938867591321468
0.08363011419773102
0.06828817553818226
0.06664834141731263
0.07608958534896373
0.07153943017125129
0.0728218112140894
0.07049566909670829
0.06964724995195866
0.07262877129018307
0.0687615093961358
0.07156446181237698
0.0766418594866991
0.06876397091895342
0.0726112974435091
0.07254129134118557
0.07283786796033383
0.0718559805303812
0.07294304430484772
0.07562455475330353
0.06987246949225664
0.07310488671064377
0.07614393256604672
0.06953637517988681
0.07462834745645523
0.07189011752605438
0.0746143576130271
0.07552796989679336
0.07247885435819626
0.0702014222741127
0.07807411260902881
0.07444684147834778
0.07287719525396824
0.07039317846298218
0.07162977769970894
0.06967915683984756
0.07749537989497185
0.06706445630639792
0.07192259848117828
0.07099583618342876
0.0693890156596899
0.0754503496736288
0.07293762121349573
0.0684154811501503
0.06858612544834614
0.07551646955311299
0.07092397764325142
0.0714770881459117
0.07113081112504005
0.07579289741814137
0.07403235509991646
0.07551986023783684
0.07970998704433441
0.07528530992567539
0.06837315522134305
0.07122828934341668
0.07341222923249006
0.07271084085106849
0.07296997435390949
0.06932710379362106
0.07319605462253094
0.0734008078277111
0.06937443979084491
0.07200622022151947
0.07511137664318085
0.07090525552630425
0.07069958575069904
0.07335180073976516
0.07016814358532429
0.07078360658138991
0.07400424435734748
0.0743108431994915
0.07173526164144278
0.07112609460949898
0.07494759321212768
0.07185910686850548
0.07351020202040673
0.07473036840558052
0.07016063675284386
0.07301996797323226
0.07966992530971766
0.07251610156148672
0.0754907899349928
0.07293235033750534
0.07343027085065841
0.06957560159265995
0.07566772125661374
0.0749708940088749
0.07734371222555637
0.07682477369904518
0.07401510186493397
0.07034694269299507
0.06883487910032272
0.07231841251254081
0.07744125872850419
0.07617766834795475
0.07105825088918209
0.07759676218032836
0.07488996855914593
0.07269181676208973
0.07611904546618461
0.06903579227626323
0.07068859800696373
0.07397390868514776
0.07569978877902031
0.06915253020823002
0.07149752203375101
0.06730952724814415
0.07326032295823097
0.07606090135872363
0.07204902522265912
0.07079959109425545
0.07758871518075466
0.07415189415216446
0.07233572259545326
0.07289055824279785
0.07683652743697167
0.07526905067265034
0.07313710175454617
0.06859999723732471
0.07737810947000981
0.07319695383310318
0.07084250234067441
0.07531082704663276
0.0732313422113657
0.06930388607084752
0.06855646193027497
0.06976370483636857
0.066975661739707
0.06920473780483008
0.07567218817770481
0.07264520540833473
0.06859480530023575
0.07554878883063793
0.08241663046181202
0.07601993925869464
0.07474151380360126
0.06955650992691517
0.07689863488078118
0.07941880688071251
0.06853558126837016
0.07121369868516922
0.07533254891633988
0.07070439413189888
0.06905541606247426
0.07154323037713767
0.07479316163808107
0.06872020080685616
0.07518318444490432
0.06875011585652828
0.06944943848997355
0.0730346492677927
0.07278729140758515
0.07017257213592529
0.07716328665614128
0.0698644183576107
0.07081162244081497
0.07165051821619273
0.06987330660223962
0.07231526765972376
0.07692677445709706
0.07463234066963195
0.07243140995502471
0.07372902326285839
0.07206913910806179
0.07554786056280136
0.0730113360285759
0.06693771369755268
0.07097832404077054
0.07024570450186729
0.07683174841105939
0.07318015955388546
0.07015761755406856
0.0743855894356966
0.0717580796778202
0.07268031690269709
0.07061593838036061
0.07467455197125673
0.07272975124418736
0.0730716348066926
0.073478327319026
0.07111026436090469
0.07545525871217251
0.06751146450638772
0.06879543799906969
0.07093505300581456
0.07739219777286052
0.06870409786701202
0.0777072424441576
0.06965172231197357
0.07283272460103035
0.06910471700131893
0.07337723977863789
0.07552476041018963
0.07063068762421608
0.07460249535739422
0.07428200468420983
0.07088547382503747
0.06853410065174102
0.06978145569562912
0.06995229229331017
0.07163995943963528
0.07482436522841454
0.06952108725905419
0.0757320712506771
0.07209185253828763
0.07182270716875791
0.07488022461533546
0.0852003176510334
0.07623558022081851
0.0667851548269391
0.06508571073412896
0.06890887871384621
0.06568183604627847
0.06902672395110131
0.07494471743702888
0.06811942785978317
0.06710747204720974
0.07151815116405487
0.06544478591531515
0.06871588222682476
0.06853077054023743
0.06772661577910184
0.06729607723653316
0.06558742597699166
0.06899919830262662
0.0692501025646925
0.06378715820610523
0.06770957045257092
0.0685761009901762
0.06764046669006347
0.06539691038429737
0.0720910432562232
0.06980358615517616
0.06756003834307193
0.06662350665777922
0.06566162131726742
0.07289886578917504
0.06515788041055202
0.06478050678968429
0.06995579071342944
0.06755839869379997
0.06520215403288603
0.06787718616425992
0.06902972251176834
0.06751256778836251
0.07328167095780373
0.06921875398606062
0.06786010399460793
0.06814645498991012
0.06608018256723881
0.07109082408249379
0.06798745200037956
0.06631819911301136
0.06602188225835562
0.07046443305909633
0.07091100458055735
0.06724354140460491
0.06642476182430983
0.06894120816141366
0.06552350547164679
0.0689888495951891
0.0631072211265564
0.06707815408706665
0.07217199809849262
0.07144807901233435
0.06725012611597776
0.06296096976846456
0.06398095272481441
0.06995986521244049
0.06688112277537585
0.07156234957277775
0.06737928844988346
0.06832709975540638
0.06857298448681831
0.06804392747581005
0.06186755307018757
0.07260928109288216
0.06595648102462291
0.06788591746240855
0.07174376785755157
0.06647326149046422
0.06825358718633652
0.06653466545045376
0.0694227085262537
0.06581694178283215
0.06948312319815159
0.07079978577792645
0.06637077271938324
0.06442982897162437
0.06804022148251533
0.06968627035617829
0.07004665739834309
0.062142181284725664
0.06655328258872033
0.06765637323260307
0.06916052334010601
0.06922717165201903
0.06817460928112268
0.06996452689170837
0.06994172744452953
0.07284750804305076
0.06266716040670872
0.06875897377729416
0.06705545037984847
0.06448277972638607
0.06687113638967275
0.06807797707617283
0.0676236728578806
0.06701732911169529
0.06654730379581451
0.06938503943383693
0.06880380533635616
0.06540790550410748
0.06605979163199663
0.0684404169023037
0.06306018300354481
0.06415062226355076
0.06631590873003006
0.06906990192830563
0.06577592007815838
0.0656519228965044
0.07210470393300056
0.06888382002711296
0.06542865939438343
0.06400958456099033
0.06679341495037079
0.06437031831592321
0.06761967934668064
0.06599750451743602
0.061578194797039035
0.07106325708329678
0.06528563693165779
0.06853828504681587
0.07146842800080776
0.06689065963029861
0.0695592861995101
0.0698966083675623
0.06893079984933138
0.06633136883378028
0.06988812386989593
0.07097049757838249
0.06637967191636562
0.07176501601934433
0.06848319739103317
0.06470873758196831
0.06819251649081708
0.07175146460533142
0.06988176740705968
0.0661948573961854
0.06801979817450046
0.07305591508746147
0.06653183549642563
0.06890371300280095
0.06318321019411087
0.07020665995776654
0.07039668649435044
0.06674804717302323
0.06462283685803413
0.0646838940680027
0.06550015904009342
0.06777877070009708
0.07493541970849037
0.0654817097261548
0.0708789348974824
0.07047487922012806
0.07130020052194595
0.07135898124426604
0.06732407331466675
0.06681174129247665
0.06634097687900066
0.06673769917339087
0.06809606090188026
0.06371650747954845
0.07225411750376225
0.06919954709708691
0.0655770331248641
0.06873641528189182
0.07052158303558827
0.07054831057786942
0.07068984642624855
0.06790303722023965
0.06764490205794572
0.06415442805737256
0.0646642892062664
0.06708864770829677
0.06227237813174725
0.06540176771581173
0.06837522104382515
0.07236493930220604
0.0638639072701335
0.07229861486703157
0.0648036926239729
0.06698850572109222
0.07046706810593605
0.07134178943932057
0.06844492442905903
0.06508735079318285
0.06778957553207875
0.06533956535160541
0.06787669785320759
0.06739701818674802
0.06913038607686758
0.0632482435926795
0.06844871312379837
0.06597484461963177
0.06610553286969661
0.06414455771446229
0.06831272657960653
0.06752914041280747
0.06675927884876728
0.07031340539455413
0.06734319791197776
0.06642811924219132
0.06965387549251317
0.06821064800024032
0.06772797714918852
0.06324662555009126
0.06981196627020836
0.06606316078454257
0.06515319488942622
0.06381578098982572
0.06170478366315365
0.060699450895190236
0.06653872668743134
0.0712566028535366
0.06871901951730251
0.06784897416830063
0.0684917540103197
0.06853260986506939
0.06532385013997555
0.06741867139935494
0.06364089518785476
0.06540183767676354
0.07051777951419354
0.07087044052779674
0.06735114429146051
0.0644461204111576
0.06869139827787876
0.06729076903313398
0.06644784182310104
0.0718461824208498
0.06813384912908077
0.06994127236306667
0.06396662347018718
0.06601284444332123
0.06969651386141777
0.06287490207701922
0.06999356836080552
0.06864627480506896
0.06687066040933132
0.06707102909684182
0.06594565473496913
0.06681824557483196
0.06706152722239495
0.06871737092733383
0.06567584712058305
0.06681806072592736
0.07084132503718138
0.07256575249135494
0.0693816090375185
0.06885637525469064
0.06717293873429299
0.06862095791846513
0.06994086518883705
0.06728784643113613
0.0646291346848011
0.06577797271311284
0.06728099592030048
0.06608053658157587
0.06664601601660251
0.06783634759485721
0.06878999387845397
0.06800027061253786
0.06976723127067089
0.06846136786043644
0.0651471334695816
0.07092293374240398
0.06857401069253682
0.06841331075876951
0.07080132767558098
0.06765429217368364
0.06026791777461767
0.0713716572523117
0.06605959124863148
0.06695565573871136
0.07293466862291098
0.06850276604294776
0.06804700858891011
0.0690789994969964
0.07074786506593228
0.06346959769725799
0.07063990730792284
0.06402312774211168
0.06901798710227013
0.062068939357995984
0.06662378720939159
0.07130821969360113
0.06673976320773363
0.06392023470252753
0.07129322461783887
0.06658239766955376
0.06792326606810092
0.06629740353673697
0.06106304258108139
0.06832870122045279
0.06551965959370136
0.065396179407835
0.06327625200152397
0.06494790989905595
0.07058608196675778
0.06996852725744247
0.06992172058671713
0.06932241335511208
0.0656137240305543
0.06521215558052063
0.06625483229756356
0.06699137799441815
0.06761321663856507
0.06933401189744473
0.06573642633855342
0.06691970773041249
0.06966951161623001
0.06414596520364285
0.06961378246545792
0.0713654688000679
0.07046111837029458
0.06909095525741576
0.06764463305473328
0.06842143043875694
0.06486220326274633
0.0696019036322832
0.0684629251807928
0.06984266426414251
0.06432458102703094
0.06974215507507324
0.06779877051711082
0.06959270432591438
0.06984433233737945
0.06653670690953732
0.06438174422830344
0.06784552574157715
0.06368635155260563
0.06925534091889858
0.06945926357060671
0.06881096079945564
0.06602919556200504
0.07021605927497149
0.06641708299517632
0.06683570086956024
0.065541847422719
0.06371199063956738
0.06487655904144049
0.06793314844369888
0.06475829795002937
0.06966441199183464
0.06748663268983364
0.06937374703586102
0.07168597586452961
0.06315285749733449
0.07060961581766606
0.07232041880488396
0.06826883681118488
0.0676811321824789
0.07146180853247643
0.06703093908727169
0.06541246891021729
0.0681286795437336
0.0662897539138794
0.06540913850069047
0.06573115050792694
0.0677660135179758
0.06514195442199706
0.069007648229599
0.07273906514048577
0.06254983238875866
0.0663670600578189
0.06654561631381511
0.06648790337145329
0.07087940275669098
0.06568957217037678
0.06926250852644443
0.0726027449965477
0.06547462701797485
0.0704609489440918
0.06567053072154522
0.07168474368751049
0.06488585386425257
0.06939734145998955
0.06093058951199055
0.0725220999494195
0.07131900861859322
0.07098841041326523
0.06837897792458535
0.06743900902569294
0.06689089145511389
0.06897107519209385
0.06565568394958973
0.06766799990087748
0.06937732014805079
0.0670396339893341
0.06942486256361008
0.06760919295251369
0.07206543326377869
0.06633825071156024
0.06591986648738385
0.06421320389956237
0.06691893182694912
0.06897123984992504
0.06890158645808697
0.06915523737668991
0.06471244864165783
0.06535483807325364
0.0664995289221406
0.0671177963167429
0.06429424479603768
0.06325243998318911
0.0717202528938651
0.06908379521220923
0.06449784159660339
0.06157359711825847
0.06496596232056617
0.06898282621055842
0.06648900523781777
0.06908521316945553
0.06894283011555671
0.06785914063453674
0.0673558659479022
0.06585474036633969
0.0642500677704811
0.062087351307272914
0.06502064693719149
0.06650563456118107
0.0704610775411129
0.06858363632112742
0.06926113501191139
0.07224938690662384
0.07180127885192633
0.06735636126250029
0.06709430195391178
0.07379550494253635
0.06776340302079915
0.06901329226791858
0.06618226692080498
0.06374073218554259
0.06771818719804287
0.0692781262844801
0.0633933938294649
0.06645258989185095
0.07048139855265617
0.06640084009617567
0.07029966413974761
0.06956307750195265
0.06404060449451209
0.06755094677209854
0.06647616814821959
0.06513914797455073
0.06993332728743554
0.07069998122751713
0.06873600617051125
0.07064835600554943
0.06622507553547621
0.062431322634220125
0.06724092729389668
0.07581155620515347
0.07552924454212188
0.07024811625480652
0.06855887494981289
0.06741346143186093
0.0685144405066967
0.06819993548095227
0.06867584146559239
0.0626724972948432
0.06403434608131647
0.06259633243083954
0.06665940053761005
0.06815452918410302
0.06845924340188503
0.07506542194634676
0.07080542992800475
0.0697883652150631
0.06385246194899082
0.07341587901115418
0.06758521635085345
0.06821126636117697
0.06827033057808876
0.07016057342290878
0.07138880722224712
0.07136163663119077
0.06776087116450072
0.06928753338754177
0.06550797898322344
0.07256279766559601
0.0681293711438775
0.06879680410027504
0.06318565107882022
0.06774972807615995
0.06856773689389228
0.06405973579734564
0.07583570897579194
0.06902171827852727
0.06581582970917225
0.06754991468042135
0.06847638383507729
0.06855378959327936
0.07239600196480751
0.06830068141222
0.06611380375921726
0.0645151736587286
0.06932514131069184
0.06373981818556786
0.07092609658837318
0.06850443914532661
0.06556993637233972
0.06544980458915234
0.06829462938010693
0.06804488275200128
0.06363127067685127
0.0642849139124155
0.07305154424160719
0.06889600344002247
0.0677871349081397
0.0701770543679595
0.07141255155205727
0.06686151154339313
0.06712631851434708
0.07004905551671982
0.06798728972673417
0.06526626199483872
0.06519877523183823
0.06822559393942357
0.06778058454394341
0.062217551544308664
0.06874836936593055
0.06878059983253479
0.06876075908541679
0.07164432257413864
0.06765849426388741
0.06908051438629627
0.07131228305399417
0.06816601239144802
0.06638590887188911
0.07334971211850644
0.07122000440955162
0.06743372943252325
0.06575908467173576
0.06521566107869148
0.0697862945497036
0.06634280748665333
0.06966605745255947
0.06897941324859858
0.06977995097637177
0.0703874721378088
0.06326653093099593
0.05791077170521021
0.07115589659661055
0.0653064163774252
0.06718228716403246
0.06695427559316158
0.06936058696359396
0.06467790387570858
0.06641818687319756
0.06857771448791027
0.06663466054946184
0.06578325860202312
0.06820367321372033
0.0661511991918087
0.0655419036373496
0.06637383311986923
0.06727342944592238
0.06237006686627865
0.07072303041815758
0.07177102215588092
0.06962098836898804
0.07147972114384174
0.0687791372090578
0.06982126243412495
0.06273028559982777
0.07206695098429919
0.06630851544439792
0.06631269030272961
0.06967127203941345
0.07095429807901382
0.0723968955874443
0.06315357554703951
0.06697379022836686
0.0617095448076725
0.07084100283682346
0.06595170311629772
0.060912117920815946
0.06522237945348025
0.07041344184428454
0.06710154753178359
0.06740148600190878
0.069933463037014
0.07350119594484568
0.06738477166742086
0.06717412441968917
0.0679482876881957
0.07008864562958479
0.0668189762160182
0.07125091411173344
0.06383479870855809
0.07488417945802212
0.07087872073054313
0.06774278007447719
0.06209221258759499
0.06932918902486562
0.06773067027330398
0.0692455629259348
0.06435248099267482
0.06877530179917812
0.059525484144687654
0.06743786901235581
0.06779025867581367
0.0674576810747385
0.06485936149954796
0.06893084183335305
0.06459367983043193
0.06733365260064601
0.06817414458841085
0.06697021964937448
0.06485770627856255
0.06938718128949403
0.07093494087457657
0.06760738894343377
0.06817111019045115
0.06613739956170321
0.06359373327344656
0.0690152931585908
0.066551828160882
0.06470763809978962
0.06894480746239423
0.07120904140174389
0.06887249544262886
0.06752389766275883
0.07044069949537515
0.06756838526576757
0.06745346367359162
0.07060254149138928
0.0692158105224371
0.06990787409245967
0.06984022870659828
0.07104540258646011
0.07185630768537521
0.06828290849924087
0.06971281468868255
0.06464934349060059
0.07028503730893135
0.06594262950122357
0.06907033406198025
0.07058449808508158
0.06888535045087338
0.06421246431767941
0.06775783032178878
0.06894240252673627
0.0704757396131754
0.0688211466372013
0.0666769003123045
0.0667149143666029
0.07430927462875843
0.06563910350203514
0.0664491406083107
0.0659645989537239
0.06706543732434511
0.06805694878101348
0.0651279328763485
0.06975563403218984
0.06552365165203809
0.06988383822143078
0.06766007661819458
0.06602912120521069
0.0656210682168603
0.06869886856526136
0.06924305133521556
0.06823471918702126
0.07376115705817937
0.06490298699587584
0.06227001503109932
0.06823042593896389
0.06636720031499863
0.06358989048749208
0.06604439713060856
0.06448309816420078
0.06551770068705082
0.06571036588400603
0.06633847076445817
0.06741423100233078
0.06683744475245476
0.06910073965787887
0.0692256559804082
0.07087325580418109
0.06536473859101534
0.07265037432312965
0.06660767871886492
0.06765986859798431
0.06749103993177413
0.06746018782258034
0.07218286354094744
0.06824190996587276
0.06828396275639534
0.07042912282049656
0.06597142603248357
0.06665208399295806
0.06807466521859169
0.06789574258029461
0.06745256170630455
0.0658180494606495
0.06989561662077903
0.06742798261344433
0.06464028805494308
0.06536713536828756
0.07248414754867553
0.06660625107586383
0.06829394243657588
0.06669045217335225
0.0667068124562502
0.06951990097761154
0.07090489432215691
0.06345640458166599
0.06402714610099793
0.07075454324483871
0.0649594497680664
0.06297154139727354
0.06550002530217171
0.06729344483464957
0.0712943271920085
0.06853226475417613
0.0641624080017209
0.06051467403769493
0.07061770513653755
0.07147005200386047
0.06778025567531586
0.07326117664575577
0.06671127073466777
0.06569775253534317
0.06755636427551508
0.06912111766636371
0.06453455451875925
0.06826659373939037
0.0648255493491888
0.0655275508761406
0.07150363430380821
0.06565353430807591
0.06885764598846436
0.06355175212025642
0.07099319238215684
0.07278638418763876
0.06477544907480479
0.06641050476580858
0.07300082385540009
0.07290830589830875
0.0662663821876049
0.07199499979615212
0.0716285266727209
0.06864579100161791
0.06389558292925358
0.06683174081146717
0.0657970380410552
0.06511884536594152
0.07060333427041769
0.06962673462927342
0.0671049590781331
0.06836333565413952
0.06799445681273937
0.06681623950600624
0.06763574250042438
0.06912056207656861
0.06830826051533222
0.07037514239549637
0.06529497422277927
0.06614487163722516
0.07197303280234336
0.06705843653529882
0.07201111815869808
0.07033938255161047
0.06819172009825707
0.06568518508225679
0.0724283491820097
0.067519154176116
0.0687428517267108
0.06888059563934804
0.06784847147762775
0.06481540128588677
0.07117078930139542
0.06960219152271747
0.06730468314141035
0.0692859060317278
0.06968048959970474
0.06808330483734608
0.06940553680062295
0.06881761528551579
0.07411084428429604
0.07620443798601627
0.07083359714597463
0.0695158588886261
0.06964358948171138
0.06829321548342705
0.06427440077066421
0.07142492391169071
0.067349399253726
0.06353449322283268
0.0694414459913969
0.06682301469147206
0.07100973349064589
0.06706812612712383
0.06652565389871597
0.06785982877016067
0.07188863463699818
0.06458197508007288
0.06873151976615191
0.06654838256537915
0.06253440245985985
0.06665732614696025
0.06866828948259354
0.0685510528087616
0.06702671818435192
0.06498675458133221
0.06855953827500344
0.07356531798839569
0.07513937056064605
0.06537705216556787
0.06652922667562962
0.060602935068309306
0.07246837735176087
0.07378095731139184
0.07461747638881207
0.06965587195008993
0.0688346990942955
0.07156134501099587
0.06953397497534752
0.06795745402574539
0.06652929708361625
0.06944852758198977
0.06404759887605906
0.06692741528153419
0.07072828009724617
0.06987013041973114
0.06728791616857052
0.07108588963747024
0.06614564467221498
0.06856411602348089
0.06789440438151359
0.06786096096038818
0.07163652546703815
0.06298692960292102
0.071927902251482
0.06705422379076481
0.06596605386584997
0.07142943143844604
0.0708203697949648
0.06817535132169723
0.07312410213053226
0.06485601738095284
0.06423170119524002
0.06514720551669598
0.06364549275487662
0.06923266310244798
0.06874494254589081
0.06914201550185681
0.0661987018585205
0.06657080601900817
0.07418042607605457
0.06815920934081078
0.07500123612582683
0.06913467645645141
0.0711707391962409
0.06610751617699862
0.06706343963742256
0.06758182570338249
0.06380505181849003
0.06963513605296612
0.06798370096832514
0.06529616191983223
0.0674660401046276
0.0745030054450035
0.07207873698323965
0.0681288005411625
0.07317745752632618
0.06937916845083236
0.06522199995815754
0.07413649417459965
0.06845727384090423
0.07097833096981049
0.06968596909195185
0.07203702263534069
0.06837957598268986
0.07161862164735794
0.07112699404358863
0.0673111341893673
0.06740255445241929
0.06877229079604148
0.06781447567045688
0.06386747546494007
0.06566073052585125
0.07213098544627428
0.07191031411290169
0.0716805050522089
0.06726283647119999
0.06876444820314646
0.06835472270846367
0.06361152317374945
0.06858384881168604
0.06621261045336724
0.06900150343775749
0.06614354122430086
0.06507444012910128
0.0682417656481266
0.06641141213476658
0.06846896186470985
0.0662175640463829
0.06727554529905319
0.0660476004704833
0.06734712094068528
0.06213391218334437
0.07006911970674992
0.07098405912518502
0.0686758939921856
0.06930666126310825
0.06180899403989315
0.06524343367666006
0.062306424230337144
0.07232836984097958
0.06780754536390304
0.06779108505696058
0.06953236520290375
0.0686946889013052
0.06445724815130234
0.06858105201274156
0.06587318822741509
0.06757855102419853
0.06980775460600853
0.07356932766735554
0.0645662334561348
0.06650212336331605
0.07028997583314776
0.06558407224714756
0.06982542209327221
0.06880665607750416
0.06615466862916947
0.06986890986561775
0.07261615030467511
0.06650575153529643
0.06061615161597729
0.06762178897857667
0.06780707687139512
0.07283774606883525
0.06985556207597256
0.06992620900273323
0.06753705933690071
0.06802474066615105
0.06821336559951305
0.06497862428426743
0.06874639600515366
0.06600294701755047
0.06637661941349507
0.0742029957473278
0.06295847743749619
0.07015704825520515
0.07076809026300906
0.07383886836469174
0.07228498734533786
0.0761460430175066
0.06912822239100933
0.06724212970584631
0.0718918026983738
0.06896715730428696
0.06791601095348597
0.06618552703410387
0.06101610191166401
0.07451813697814941
0.06522388868033886
0.06936880946159363
0.0669544868171215
0.06531295362859964
0.07008835136890411
0.07089333206415177
0.0682464474067092
0.07125291578471661
0.07023417018353939
0.07465052224695683
0.07181598776951433
0.07071287721395493
0.06727754298597574
0.06904956758022308
0.06988173484802246
0.06954588107764721
0.06948845990002156
0.06654617458581924
0.06972301177680493
0.0630273924767971
0.07002020120620728
0.07059477031230926
0.06163907308131456
0.0707674527913332
0.06688469462096691
0.06540310099720954
0.06893026299774646
0.06694879457354545
0.06940613761544227
0.06749089866876602
0.06600182317197323
0.07004539504647254
0.06673232160508633
0.07127917148172855
0.07196312613785266
0.06268354959785938
0.06624162934720516
0.06664150610566139
0.06691799502819777
0.07091645412147045
0.06453383542597294
0.07110040843486785
0.06626495815813542
0.07077664308249951
0.0672181922569871
0.06420806773006917
0.07388697616755963
0.0683151875436306
0.06995892580598592
0.07021778967231512
0.06856933265924453
0.06640285432338715
0.07536405600607395
0.06869820691645145
0.06703864123672247
0.06679216988384723
0.0724061881005764
0.08028273604810238
0.06531987566500902
0.061041988991200925
0.06252266868948936
0.06251272171735764
0.06249751672148705
0.06727576557546854
0.0642673146724701
0.06093187037855387
0.06437811173498631
0.0681128853559494
0.06704396151006221
0.06636759210377932
0.06577007248997688
0.06416851859539748
0.06269365061074496
0.06029291521757841
0.06400620117783547
0.06369871374219656
0.06850177213549614
0.06935836419463158
0.06668867163360119
0.0631434391438961
0.06346595011651517
0.06335852816700935
0.06279065307229757
0.056599445305764676
0.0639231064915657
0.0630173458904028
0.06671333760023117
0.06666794780641794
0.05927331943064928
0.06326052598655224
0.06910447638481855
0.06101172506809235
0.06336396530270577
0.0687087643891573
0.06579672574996948
0.06988735698163509
0.06066380579024553
0.061137678176164625
0.06365541249513626
0.06267481014132499
0.06529964439570904
0.06850424535572529
0.06331342030316592
0.06569718901067972
0.06256115321069956
0.06319341607391835
0.07046472311019897
0.0663859897106886
0.06374287337064743
0.06339248429983854
0.0646920833736658
0.06497083563357592
0.0656145278736949
0.0607328050583601
0.0644890770316124
0.0687647122144699
0.06575056806206703
0.06541783526539803
0.06681841284036637
0.06432873390614986
0.06553833078593016
0.06304857350885867
0.06443707540631294
0.06023258477449417
0.06496681950986385
0.06554813232272863
0.06123567696660757
0.06885238435119391
0.06290353521704674
0.06645984418690204
0.06676895968616009
0.06477314971387386
0.07183430336415768
0.0675888017565012
0.06448189727962017
0.06487275093793869
0.06410906426608562
0.06830208338797092
0.06040523756295443
0.06341754972934723
0.06441601745784283
0.06404444143176079
0.06325762286782265
0.05866620540618896
0.06488162025809288
0.068147143535316
0.06706882048398256
0.06668511241674423
0.06395200509577989
0.06581509269773961
0.062227471955120565
0.06726751238107681
0.0657799281924963
0.06488161705434323
0.06584912806749343
0.06739738382399083
0.06384143978357315
0.061856389530003074
0.06237662442028522
0.0660571214184165
0.06020721334964037
0.060484230741858484
0.060315547846257686
0.06621649771928788
0.06749721363186836
0.0691999576240778
0.06254470452666283
0.06604050934314727
0.06699840992689132
0.0676215921342373
0.06427170101553202
0.06749244179576636
0.05925145480781793
0.06294832155108451
0.06277402251958847
0.06423562429845334
0.06224447883665562
0.06404630914330482
0.06350687742233277
0.060951190255582335
0.06366141341626644
0.06400247469544411
0.06265222065150738
0.0661527955532074
0.06131178583949804
0.0672305515781045
0.06497592352330685
0.06500647634267807
0.061604814417660234
0.06446483496576548
0.06582614991813898
0.06203152902424335
0.06244185745716095
0.06630665153264999
0.06409644458442926
0.06651589311659337
0.06732076924294234
0.062395578734576705
0.0674213283509016
0.06407160196453333
0.06496016263961792
0.06627261340618133
0.0653909532725811
0.06468142881989479
0.06830586940050125
0.06382461395114661
0.05989117920398712
0.06552803933620453
0.06474111530929803
0.06440851695835591
0.06646074682474136
0.061062544025480746
0.0641513328999281
0.0654964167624712
0.06374233584851026
0.06608364254236221
0.06532116886228323
0.06539610832929611
0.06576471984386444
0.05954146482050419
0.058775573521852496
0.06878280565142632
0.06676903143525123
0.06427162934094667
0.06579541146755219
0.06343132708221674
0.0630221438407898
0.06739757515490055
0.067592734657228
0.06193434543907642
0.06319170616567135
0.06278169687837362
0.0672097397595644
0.06213092852383852
0.06552956093102694
