2.9129223346710207
2.9323164010047913
2.7638445603847503
3.283542504310608
2.5893675303459167
3.025358679294586
2.607171993255615
3.1175678253173826
2.8359712862968447
2.602508201599121
2.8840975022315978
3.1314585280418394
3.0287873005867003
2.6242793583869934
2.8194332456588747
2.5522716307640074
2.7453892970085145
2.514060890674591
2.611467354297638
2.679358876943588
2.604099178314209
2.838006501197815
2.6321548128128054
2.6475925612449647
2.5574436140060426
2.5551580715179445
2.4894115781784056
2.485492706298828
2.3374802446365357
2.361982982158661
2.503166217803955
2.3931421208381654
2.5878721261024475
2.4690169322490694
2.49585640668869
2.451366548538208
2.160485427379608
2.043180973529816
2.3771036410331727
2.263403910398483
2.230838660001755
2.1614552474021913
2.2628396773338317
2.214559658765793
2.0535719549655913
1.8648133087158203
1.9893172252178193
1.7485840106010437
2.1696260499954225
2.0832656347751617
1.9339629530906677
1.9981260764598847
1.793072031736374
1.9929343783855438
2.0480857729911803
1.818366619348526
2.188347680568695
1.6763057124614715
1.8700862944126129
1.9356847321987152
1.7915500020980835
1.8960923433303833
1.8185958361625671
1.8826257383823395
1.6597283697128296
1.8342096972465516
1.635072612762451
1.8174863982200622
1.7339206910133362
1.884716558456421
1.755382558107376
1.8444156205654145
1.7330629706382752
1.7650387740135194
1.6499454879760742
1.6625401365756989
1.8136798417568207
1.6837640023231506
1.644863077402115
1.781753044128418
1.6387194669246674
1.4944868576526642
1.5262819707393647
1.6284051549434662
1.698158128261566
1.6254374766349793
1.7867893493175506
1.6520898234844208
1.4378951728343963
1.6272761726379394
1.5371770310401915
1.546286165714264
1.4426548945903779
1.6276238822937013
1.5529350900650025
1.4501149511337281
1.4495821404457092
1.4802338206768035
1.5402465057373047
1.4858966100215911
1.3815471863746642
1.5712614524364472
1.4633352661132812
1.4699659073352813
1.498623251914978
1.452820417881012
1.3340238797664643
1.5141333985328673
1.4844941806793213
1.373564611673355
1.4027455520629883
1.3891559100151063
1.3592963099479676
1.3772798490524292
1.4442717111110688
1.4349332165718078
1.3372309815883636
1.4049564564228059
1.271516853570938
1.3993518710136414
1.3422635293006897
1.297015118598938
1.3743069517612456
1.3541723012924194
1.2774972188472749
1.2791911661624908
1.3444517600536345
1.3216459739208222
1.3414814484119415
1.352153171300888
1.353121132850647
1.2797584533691406
1.273632320165634
1.3355687308311461
1.3082930588722228
1.2941128146648406
1.29588174700737
1.342201864719391
1.2717601990699767
1.3247965860366822
1.3267851543426514
1.3697848534584045
1.2698029839992524
1.3696307480335235
1.3338666880130767
1.2865783059597016
1.2861789655685425
1.2922705960273744
1.2559706139564515
1.2667682361602783
1.2882667911052703
1.3000397789478302
1.2368203628063201
1.3089889514446258
1.3130288171768187
1.2692424654960632
1.219954912662506
1.320002291202545
1.2713828086853027
1.2924857175350188
1.2154710745811463
1.210114562511444
1.2733639204502105
1.2297685837745667
1.2848494517803193
1.329361379146576
1.2273362171649933
1.2784087371826172
1.2547328174114227
1.3014842557907105
1.2601754987239837
1.2211057674884795
1.297549535036087
1.249663589000702
1.245895881652832
1.2331283617019653
1.3093442082405091
1.2806792163848877
1.2533671951293945
1.2506538665294646
1.2834911262989044
1.2080375230312348
1.3036660861968994
1.2520721495151519
1.3224313867092132
1.2528765833377837
1.3066478526592256
1.2797099077701568
1.2368750953674317
1.2606752836704254
1.1934923326969147
1.1981828653812407
1.258204962015152
1.2240579509735108
1.2746313059329986
1.236652411222458
1.2261375391483307
1.285438380241394
1.2942803049087523
1.2507219851016997
1.2591351211071014
1.2830400586128234
1.250337131023407
1.268683489561081
1.3063342916965484
1.2978525388240814
1.2953489696979523
1.3118895256519318
1.2679699099063872
1.2532393205165864
1.1688034152984619
1.2636313343048096
1.2829926335811614
1.2347702360153199
1.3379580628871919
1.2665528440475464
1.3017040181159973
1.2868894135951996
1.2698531985282897
1.2787840151786805
1.2142017304897308
1.2493193554878235
1.2257956194877624
1.2370250034332275
1.2174223279953003
1.201742458343506
1.2288298106193543
1.199803512096405
1.2795114183425904
1.1961868500709534
1.194161093235016
1.2480989146232604
1.1907997965812682
1.264397600889206
1.243610954284668
1.2574314093589782
1.3064890348911284
1.24144402384758
1.1951337039470673
1.250530788898468
1.2447811138629914
1.1682307875156404
1.3072527372837066
1.2238373231887818
1.2635858261585236
1.2245994353294372
1.20659964799881
1.2696154868602754
1.26493203997612
1.2783726346492768
1.261058121919632
1.2839639115333557
1.2211768531799316
1.2273606419563294
1.2487505209445953
1.2197381567955017
1.2336498308181763
1.2149599587917328
1.2492325174808503
1.2108173739910126
1.2710238707065582
1.2294038140773773
1.2523617839813233
1.1850882112979888
1.2615118265151977
1.2305732989311218
1.2684167945384979
1.2202891898155213
1.2604720783233643
1.2785624861717224
1.2680010855197907
1.2334844291210174
1.1959545397758484
1.2049471783638
1.1786120736598968
1.1917267286777495
1.164246037006378
1.2748028469085693
1.1686706709861756
1.2422645008563995
1.2299608027935027
1.2540165519714355
1.2308012974262237
1.2706966924667358
1.262977876663208
1.266944946050644
1.254339429140091
1.2384017491340638
1.1950943529605866
1.2681275141239166
1.2390399372577667
1.2251806771755218
1.2241831505298615
1.2863069331645967
1.2628298342227935
1.25741672873497
1.2092551910877227
1.215508770942688
1.301029453277588
1.2098783087730407
1.2070883238315582
1.2587956714630126
1.2008475077152252
1.2175114345550537
1.234112139940262
1.2177354180812836
1.188924423456192
1.242229710817337
1.2289265561103822
1.2003557562828064
1.3005703020095825
1.092307883501053
1.2030581367015838
1.2350243520736695
1.2017341947555542
1.1706364572048187
1.242752742767334
1.260802254676819
1.1817280888557433
1.1923882579803466
1.2460176360607147
1.2210888195037841
1.2163764023780823
1.2346220767498017
1.2429969501495362
1.2567864322662354
1.1987930500507356
1.2351307880878448
1.1942243373394013
1.2061335504055024
1.1949769949913025
1.2409627044200897
1.2221257066726685
1.2160245537757874
1.2295652651786804
1.2308486998081207
1.2488415133953095
1.1941810524463654
1.1728036069869996
1.2653909194469453
1.2482587170600892
1.2110155975818635
1.2271327078342438
1.1882375156879426
1.2886379086971282
1.2007599127292634
1.2171795856952667
1.3052099406719209
1.2120214474201203
1.2007261407375336
1.2172342896461488
1.2392797231674195
1.2459927654266358
1.2142103397846222
1.2213523077964783
1.2117129480838775
1.1934309124946594
1.1948049557209015
1.241783607006073
1.208584747314453
1.2884255242347717
1.286362419128418
1.2201432383060455
1.2249908339977265
1.257675564289093
1.2063264954090118
1.1855712628364563
1.1923879301548004
1.2339563751220703
1.246921113729477
1.1994474506378174
1.2446938669681549
1.2169698858261109
1.2391689217090607
1.227795559167862
1.2262650918960571
1.1939930486679078
1.2125956153869628
1.243033150434494
1.2148245990276336
1.2206635344028474
1.176683509349823
1.1796759724617005
1.2325511026382445
1.2558010804653168
1.25388463139534
1.2283356010913848
1.225979425907135
1.2184708201885224
1.2360879600048065
1.2072700881958007
1.258788822889328
1.2099713325500487
1.2259835410118103
1.2574327290058136
1.1667256784439086
1.2050932037830353
1.1903331279754639
1.1955989289283753
1.183625214099884
1.238631010055542
1.1713607800006867
1.2666697072982789
1.2434771680831909
1.1974920225143433
1.1967372131347656
1.187306329011917
1.2608562684059144
1.2903427636623384
1.1961624574661256
1.1976140058040619
1.2585665047168733
1.1963056242465973
1.1122694158554076
1.1946418619155883
1.155934627056122
1.1926871645450592
1.2176696026325227
1.2129642760753632
1.1535880649089814
1.2147177422046662
1.1630119001865387
1.232020641565323
1.156391416788101
1.2472852754592896
1.218590751886368
1.189875102043152
1.1645335161685944
1.20620645403862
1.1692715990543365
1.1859792160987854
1.1955225467681885
1.2770210874080659
1.1803428983688355
1.199451402425766
1.1923631608486176
1.1747803139686583
1.22420658826828
1.2535171163082124
1.250908567905426
1.2365070474147797
1.246145625114441
1.2074920320510865
1.2134221708774566
1.1731433534622193
1.216898764371872
1.2265457499027252
1.2275570821762085
1.1783325445652009
1.2286791396141052
1.2116591227054596
1.2626724827289582
1.1922792422771453
1.241058770418167
1.22710147857666
1.2812789261341095
1.1774269998073579
1.2145165395736695
1.172531533241272
1.154889177083969
1.2187961971759795
1.2072524750232696
1.2238493049144745
1.2378196549415588
1.206207869052887
1.2323231422901153
1.2067548048496246
1.1920482873916627
1.1811545193195343
1.2027195465564728
1.2569245171546937
1.2265777468681336
1.1786164665222167
1.2052049660682678
1.215816740989685
1.195945006608963
1.228661254644394
1.2278539955615997
1.2059925544261931
1.204564996957779
1.1671257162094115
1.1708825254440307
1.1839911019802094
1.230044529438019
1.2103675055503844
1.197356663942337
1.2176390671730042
1.1725987219810485
1.1723033475875855
1.1731469118595124
1.214610048532486
1.2131078052520752
1.2038648998737336
1.248756217956543
1.256075143814087
1.2083125138282775
1.1764520859718324
1.2054252636432647
1.2351462280750274
1.256508994102478
1.2302275896072388
1.166838790178299
1.1638869750499725
1.2547627508640289
1.1399228644371033
1.1821021723747254
1.1824463212490082
1.1922465980052948
1.1794561433792115
1.226295337677002
1.207573413848877
1.2260257291793824
1.2033932065963746
1.1831929779052734
1.2258241844177247
1.1783387494087219
1.1585275685787202
1.1230915915966033
1.1534731531143187
1.218051837682724
1.180746784210205
1.2037172329425812
1.214349125623703
1.1267991364002228
1.1933425712585448
1.1793896567821502
1.2033854484558106
1.1404221665859222
1.2178566992282867
1.252508931159973
1.2127785229682921
1.2007818877696992
1.214603796005249
1.1946210372447967
1.1606069600582123
1.13524151802063
1.1407676565647125
1.1440555667877197
1.1906698846817017
1.2276717388629914
1.1415865111351013
1.195818750858307
1.1949564373493196
1.2548583793640136
1.2404937410354615
1.1511593341827393
1.189000325202942
1.2403830909729003
1.1861101150512696
1.2728087413311004
1.2377013432979584
1.2199072301387788
1.1914332103729248
1.1958652019500733
1.2359832668304442
1.1370255970954894
1.216067099571228
1.190353296995163
1.1652675807476043
1.1633285808563232
1.2771446120738983
1.2154013121128082
1.182273598909378
1.1937112510204315
1.2779719030857086
1.163830304145813
1.1881129932403565
1.1655319142341614
1.217083864212036
1.1845527064800263
1.151153542995453
1.2303400218486786
1.21798206448555
1.260008784532547
1.2657243072986604
1.1501121652126312
1.2283868050575257
1.2491235446929931
1.1222806322574614
1.2196003162860871
1.2830739545822143
1.1662848663330079
1.1432355678081512
1.2213223469257355
1.2013398015499115
1.2131457805633545
1.1569474935531616
1.2535591959953307
1.1134969043731688
1.1946772253513336
1.1731823754310609
1.2817652428150177
1.2071102106571197
1.1772316646575929
1.2461950373649597
1.296626272201538
1.2321055257320404
1.1710238921642304
1.2352724325656892
1.2363246119022369
1.2328280711174011
1.1934299266338348
1.1987805724143983
1.1620156347751618
1.1819382584095002
1.1755750358104706
1.2399337959289551
1.2057000923156738
1.2100577461719513
1.1930599594116211
1.1875159108638764
1.1790463638305664
1.2146029841899872
1.223275592327118
1.1878957068920135
1.2180703377723694
1.2622258710861205
1.1618177556991578
1.2359234225749969
1.1980368745326997
1.189336702823639
1.1708865392208099
1.150524445772171
1.213257383108139
1.1566218423843384
1.2238871133327485
1.159256021976471
1.201837546825409
1.1755813121795655
1.210677937269211
1.20380805850029
1.1969143486022948
1.2314734065532684
1.2035421800613404
1.2216619920730591
1.2187573730945587
1.181489771604538
1.2333832669258118
1.206611829996109
1.1795921409130097
1.2329250240325929
1.2782084131240845
1.2306796884536744
1.2140159726142883
1.19940358877182
1.1862081098556518
1.2274019360542296
1.2197638964653015
1.1985016667842865
1.2562366533279419
1.1704673969745636
1.2374920749664307
1.2145813286304474
1.1583876979351044
1.2495989096164704
1.1787312674522399
1.1985079908370972
1.1944881427288054
1.171416801214218
1.2206654047966004
1.1957909297943115
1.1730193483829499
1.1892921340465545
1.2246050572395324
1.176363409757614
1.2171224534511567
1.2209190785884858
1.2441783797740937
1.1984116446971893
1.183724411725998
1.2253760766983033
1.2172891068458558
1.2166578733921052
1.1714267909526825
1.1740228986740113
1.185027470588684
1.200730093717575
1.1316085147857666
1.1801082050800324
1.1821672010421753
1.1705263686180114
1.2066371631622315
1.179770027399063
1.1337057161331177
1.1873318946361542
1.1554674887657166
1.1868200516700744
1.1977441883087159
1.188967295885086
1.2062121987342835
1.1668027758598327
1.2233211541175841
1.1538866353034973
1.2027632629871368
1.1728078973293306
1.2539083766937256
1.138023363351822
1.2005674481391906
1.1663119733333587
1.2512122416496276
1.2172323858737946
1.1894233536720276
1.1648803174495697
1.2229026293754577
1.2575359272956848
1.199785407781601
1.182074053287506
1.175211009979248
1.1784608960151672
1.1731002557277679
1.153129880428314
1.233013561964035
1.2590060114860535
1.1911529219150543
1.19726233959198
1.1847404527664185
1.2682311522960663
1.2425620126724244
1.2134710991382598
1.1188196849822998
1.1460010743141174
1.1585864269733428
1.1767788755893707
1.22000732421875
1.1401148760318756
1.1492612266540527
1.2023249280452728
1.240623070001602
1.1854252958297729
1.1650265014171601
1.227344549894333
1.2288259041309357
1.1530612993240357
1.1510102534294129
1.2653897500038147
1.1581372117996216
1.203759070634842
1.1902818393707275
1.2612444829940797
1.2003748953342437
1.1797800195217132
1.234343591928482
1.2106693887710571
1.1950746285915375
1.1889317321777344
1.2293588709831238
1.2012375950813294
1.193053992986679
1.2450195717811585
1.1367309892177582
1.2094417595863343
1.174146192073822
1.1534796118736268
1.134258632659912
1.1645170116424561
1.167547903060913
1.2308276987075806
1.1948660027980804
1.1875045669078828
1.1813225436210633
1.1441137933731078
1.199269415140152
1.1414424669742584
1.1822045564651489
1.203269579410553
1.1994900155067443
1.1430938422679902
1.163537541627884
1.1464774322509765
1.165726581811905
1.1609934866428375
1.1856665158271789
1.2128142833709716
1.1669830787181854
1.1577043700218201
1.2482338285446166
1.1472379779815673
1.1960006618499757
1.1953751742839813
1.2512106692790985
1.2105430138111115
1.1426036977767944
1.2057422018051147
1.1359198570251465
1.224167070388794
1.2094013011455536
1.1990703892707826
1.2264511704444885
1.158994642496109
1.1919742012023926
1.219066368341446
1.1738145518302918
1.1922162318229674
1.2119079649448394
1.2275402581691741
1.2042748641967773
1.1271423363685609
1.1484027516841888
1.219163566827774
1.2029422211647034
1.189419584274292
1.1906339263916015
1.1642046248912812
1.1482020914554596
1.2396047842502593
1.1268650805950164
1.226142293214798
1.215083236694336
1.1820328319072724
1.181254154443741
1.217103202342987
1.1560655045509338
1.1372000133991242
1.1884978985786439
1.260327674150467
1.240385262966156
1.1807896280288697
1.1282167625427246
1.1569035518169404
1.2197861099243164
1.1273204267024994
1.1743844437599182
1.2231058645248414
1.203209992647171
1.2030252993106842
1.17251358628273
1.2367407393455505
1.2111476957798004
1.2170038855075835
1.1964192008972168
1.149503891468048
1.1797387218475341
1.2574080276489257
1.188088936805725
1.1133663904666902
1.1510302340984344
1.1677419185638427
1.1901790475845337
1.1652569329738618
1.179913867712021
1.2125036060810088
1.149809422492981
1.1537540221214295
1.111800537109375
1.158397079706192
1.1756285190582276
1.1141046583652496
1.1428828382492064
1.1308229780197143
1.2413461697101593
1.1412800145149231
1.1799738347530364
1.1306628847122193
1.241373827457428
1.1591451942920685
1.1871495926380158
1.1998383569717408
1.2101670277118683
1.1429481744766234
1.1858724582195281
1.2003306686878203
1.2232345044612885
1.174633766412735
1.2310047614574433
1.176297298669815
1.2225071430206298
1.1582437801361083
1.146201512813568
1.1658710372447967
1.161140056848526
1.226105887889862
1.2166612291336059
1.1438351964950562
1.1879931831359862
1.1721844100952148
1.1898329007625579
1.1663629078865052
1.1710693001747132
1.1635281312465668
1.1763616871833802
1.1755092191696166
1.1616039383411407
1.1302247166633606
1.2179462647438049
1.1656571555137634
1.1879861235618592
1.2079900920391082
1.2139887607097626
1.1850486016273498
1.1919302701950074
1.160635986328125
1.2033672249317169
1.2072217655181885
1.1324593544006347
1.1689689421653748
1.196476994752884
1.229723140001297
1.1377207851409912
1.2160888969898225
1.1232281923294067
1.160958033800125
1.2129982686042786
1.2220423924922943
1.1549642264842988
1.2313460731506347
1.1629762303829194
1.1705684769153595
1.1715855765342713
1.1709105467796326
1.1545554435253143
1.2102306723594665
1.1526965308189392
1.1810957527160644
1.1320788979530334
1.1463812816143035
1.1979168117046357
1.1068438947200776
1.167269741296768
1.2582621800899505
1.16928377866745
1.177463002204895
1.1604777908325195
1.1685366249084472
1.1999316942691802
1.1560888624191283
1.1954248416423798
1.2296894419193267
1.1512469971179962
1.1878201460838318
1.1716090977191924
1.153061307668686
1.1955175030231475
1.1505834472179413
1.170640171766281
1.1879948222637176
1.1960726702213287
1.246678786277771
1.1494523632526397
1.1543342113494872
1.1579397165775298
1.1864540219306945
1.2132755994796753
1.1753066754341126
1.1931457698345185
1.1710197854042053
1.2240786719322205
1.1079954814910888
1.2475634622573852
1.214318608045578
1.1734923481941224
1.1230607390403748
1.1767950439453125
1.204430102109909
1.1837809586524963
1.2319054400920868
1.1305982303619384
1.2548703646659851
1.210752420425415
1.165691591501236
1.2360106468200684
1.1245646357536316
1.1685427498817444
1.156894829273224
1.1942774546146393
1.1984302854537965
1.2197304558753967
1.1772316265106202
1.1105003428459168
1.1215572249889374
1.1464924502372742
1.2228606677055358
1.0946529114246368
1.2192684364318849
1.1756897461414337
1.2226196873188018
1.2241263091564178
1.2054529666900635
1.156760812997818
1.150059986114502
1.1677017509937286
1.2015660762786866
1.1202856874465943
1.1450247263908386
1.1598688101768493
1.18863258600235
1.1200087189674377
1.1674130356311798
1.1812728095054625
1.1858357417583465
1.2230455362796784
1.1695631778240203
1.1732359766960143
1.197418407201767
1.2114842855930328
1.1448973309993744
1.1508472192287444
1.2397457373142242
1.1591145312786102
1.1292393791675568
1.1962794935703278
1.188869811296463
1.1521799170970917
1.2160752081871034
1.1801013481616973
1.1574662744998931
1.193292897939682
1.2100851619243622
1.1274843943119048
1.150231387615204
1.1979187107086182
1.197057031393051
1.1769717454910278
1.2102265417575837
1.1954365360736847
1.1739152157306671
1.1975789475440979
1.2093334758281709
1.1788920199871062
1.1311241841316224
1.2292715847492217
1.414319019317627
1.115685772895813
1.1319933557510375
1.1484782135486602
1.083702734708786
1.142987583875656
1.1397071444988252
1.1083457386493683
1.1173958361148835
1.171747146844864
1.1286567389965056
1.1006274724006653
1.099926233291626
1.0589898324012756
1.0936670041084289
1.143694248199463
1.1627320909500123
1.088444766998291
1.108739093542099
1.0885197079181672
1.1064088594913484
1.0983821034431458
1.104969424009323
1.1537762761116028
1.106478841304779
1.12135892868042
1.1134993863105773
1.1732572209835053
1.0822352147102356
1.1633504712581635
1.1878303289413452
1.1522776138782502
1.0911076760292053
1.118898606300354
1.1979664719104768
1.125536162853241
1.1060976147651673
1.1977427697181702
1.1086636209487915
1.142753425836563
1.0993020117282868
1.0714946377277375
1.0842964005470277
1.14437562584877
1.1451944124698639
1.144191150665283
1.138873851299286
1.1027029407024385
1.1841198539733886
1.0929282665252686
1.1307378816604614
1.121974664926529
1.0811864173412322
1.148377022743225
1.1363655316829682
1.1303802299499512
1.1143441891670227
1.1172007155418395
1.0961174476146698
1.0894020557403565
1.1432535064220428
1.151300582885742
1.156996076107025
1.1393106067180634
1.1673852074146271
1.1955218505859375
1.0986888325214386
1.1168162143230438
1.1141387903690338
1.1511619520187377
1.1802221584320067
1.0412222683429717
1.0849587726593017
1.1369258248806
1.130976847410202
1.060864177942276
1.1235716760158538
1.0876537489891052
1.1443791508674621
1.1550144040584565
1.1563207852840423
1.1260061144828797
1.1328717744350434
1.0830019104480744
1.067509045600891
1.1313443160057068
1.0996600830554961
1.078039036989212
1.1115230095386506
1.125588494539261
1.096185085773468
1.0844753348827363
1.1062578928470612
1.1028272354602813
1.0816404807567597
1.1334834253787995
1.1520350348949433
1.1515384542942046
1.100875619649887
1.1556612658500671
1.121547042131424
1.178549315929413
1.0675750160217286
1.150649766921997
1.1093156433105469
1.1109104561805725
1.1151858830451966
1.1068220031261444
1.107567584514618
1.123720873594284
1.1114878404140471
1.1584234833717346
1.1087627518177032
1.1128308928012849
1.1188292002677918
1.1563211965560913
1.134310929775238
1.1073203873634339
1.104027578830719
1.122781548500061
1.1206007313728332
1.1005472075939178
1.1018751239776612
1.1442998909950257
1.1003474235534667
1.0982430803775787
1.1488105475902557
1.1235633945465089
1.1350045228004455
1.089681624174118
1.1438093793392181
1.1065749824047089
1.0822793245315552
1.1523097336292267
1.1638475286960601
1.0463179624080658
1.126550772190094
1.1851902782917023
1.1839707779884339
1.0955972099304199
1.0856929993629456
1.1287088620662689
1.1032072639465331
1.1022661685943604
1.1165790271759033
1.146783035993576
1.1261500668525697
1.1389834761619568
1.1558602118492127
1.1797968971729278
1.092855496406555
1.1091554820537568
1.1247353088855743
1.0938348758220673
1.120703204870224
1.1546319925785065
1.1383955192565918
1.1117575764656067
1.1370803904533386
1.1080450463294982
1.0976180255413055
1.107070027589798
1.1290106928348542
1.1235203552246094
1.1497959876060486
1.1042595982551575
1.1300758945941924
1.1337938857078553
1.1753220534324647
1.1386800944805144
1.1413736927509308
1.1527317440509797
1.149999316930771
1.1304150092601777
1.1280319809913635
1.11637841463089
1.158896062374115
1.1713570594787597
1.1453168928623199
1.1309266543388368
1.1324467134475709
1.165786634683609
1.0750143480300904
1.1740329301357268
1.1166025733947753
1.124442194700241
1.041830472946167
1.1366476285457612
1.1340311086177826
1.1037450695037843
1.1318304991722108
1.1427961552143098
1.1269974076747895
1.1489126014709472
1.1484025490283967
1.104917151927948
1.1283738088607789
1.0489052367210387
1.0864353609085082
1.0847649383544922
1.1426366186141967
1.1364752352237701
1.094962351322174
1.0799253475666046
1.06522958278656
1.1161553013324736
1.1221341979503632
1.1501465129852295
1.1019227850437163
1.0968601298332215
1.0980541574954987
1.1692951548099517
1.190214625597
1.1173907923698425
1.1336925661563872
1.1422215604782104
1.1691400599479675
1.1584904682636261
1.1082452487945558
1.1427678334712983
1.1332548809051515
1.1149403989315032
1.142258687019348
1.0961605978012086
1.1819606685638429
1.0749584496021272
1.0703198397159577
1.1471898806095124
1.1211837005615235
1.134428058862686
1.1716720974445343
1.1278621554374695
1.1313001108169556
1.1840411841869354
1.102586386203766
1.0683700776100158
1.0816665017604827
1.1022244358062745
1.0956896722316742
1.096917428970337
1.1803314101696014
1.1324678599834441
1.08130455493927
1.080587433576584
1.1210878205299377
1.1175315475463867
1.0701471328735352
1.1611600971221925
1.1295810091495513
1.0651505625247955
1.13246218085289
1.137470579147339
1.0624213230609894
1.0922991847991943
1.0816083896160125
1.054135662317276
1.1008523607254028
1.1165136349201203
1.1241133177280427
1.1844202947616578
1.1452110314369202
1.0323159611225128
1.0985327863693237
1.1263225984573364
1.1277666199207306
1.0845963180065155
1.1462808680534362
1.1533370685577393
1.1214917314052582
1.1009448301792144
1.1204229283332825
1.1428208553791046
1.1241129374504089
1.12512868642807
1.160106076002121
1.1000495970249176
1.1301280534267426
1.0949388110637666
1.1214442133903504
1.1671084582805633
1.1545768702030181
1.1199218499660493
1.0911295676231385
1.1546441161632537
1.1175466907024383
1.1084743893146516
1.1615129005908966
1.0877137887477875
1.12383038520813
1.1523698151111603
1.115648137331009
1.105112156867981
1.1356220769882202
1.0954241347312927
1.1471957206726073
1.1629183983802795
1.0921116065979004
1.1892969262599946
1.124277960062027
1.1213537108898164
1.1038427710533143
1.117588094472885
1.1143448162078857
1.1207712745666505
1.063574013710022
1.0862722682952881
1.1267535519599914
1.119111340045929
1.126692442893982
1.1420241320133209
1.1433946216106414
1.0595803117752076
1.1062105083465577
1.1650774526596068
1.1065110766887665
1.1935297870635986
1.1383008074760437
1.122238541841507
1.131097582578659
1.1228241288661958
1.0809091436862945
1.1296203589439393
1.0955334854125978
1.0756239569187165
1.0765802621841432
1.1282562029361725
1.1201565444469452
1.0919401502609254
1.1570163667201996
1.099842938184738
1.136781826019287
1.0863650012016297
1.1147273170948029
1.175970802307129
1.1408326947689056
1.1374150800704956
1.0886748445034027
1.1594024682044983
1.1133049273490905
1.172282007932663
1.1115418910980224
1.0775419569015503
1.1215274238586426
1.147628766298294
1.089128189086914
1.187673535346985
1.1875395441055299
1.1193177366256715
1.096776612997055
1.0390735006332397
1.1512977266311646
1.1755844533443451
1.1475376331806182
1.0692703914642334
1.1092205274105071
1.1124839615821838
1.1801577031612396
1.11976806640625
1.165398780107498
1.1107340967655182
1.1673418962955475
1.1094248521327972
1.1804960238933564
1.1421882474422456
1.0669551193714142
1.1360621333122254
1.1291326534748078
1.066884959936142
1.1480651366710664
1.1616989958286286
1.1383049273490906
1.1079028391838073
1.1497385287284851
1.0829938638210297
1.1032754242420197
1.1213206374645233
1.1401744496822357
1.1671914410591127
1.1015903866291046
1.1173490345478059
1.1461164164543152
1.1564476883411408
1.083458331823349
1.1265925478935241
1.1426823186874389
1.1349981892108918
1.1632925391197204
1.1097269594669341
1.0826986849308013
1.1102310717105865
1.1081248259544372
1.062679079771042
1.1374805390834808
1.0756051981449126
1.0558783972263337
1.130316812992096
1.1521272492408752
1.1155927693843841
1.1573691380023956
1.1771643078327179
1.0467988288402557
1.041591923236847
1.1863733446598053
1.106680154800415
1.1011766254901887
1.1071335399150848
1.0793753516674043
1.0800103175640106
1.101189762353897
1.0983745348453522
1.0690478038787843
1.1604598546028138
1.1365942060947418
1.1516016364097594
1.1092810773849486
1.1360194790363312
1.111311467885971
1.1688908958435058
1.0937890422344207
1.1154170048236847
1.1214487075805664
1.1344069862365722
1.1247477877140044
1.1202815425395967
1.1098325288295745
1.0599476993083954
1.176456116437912
1.136370335817337
1.0203635358810426
1.1441163301467896
1.1489950823783874
1.1325310003757476
1.1428754150867462
1.0928818953037263
1.1628617358207702
1.1213756930828094
1.108694339990616
1.1152757012844086
1.0890894138813019
1.0962049841880799
1.1081977379322052
1.138648864030838
1.1663683187961578
1.174408518075943
1.132041915655136
1.1757575368881226
1.1039872860908508
1.1118041694164276
1.091432353258133
1.1287470328807832
1.1524849510192872
1.1047902691364289
1.129394428730011
1.0864027869701385
1.135775897502899
1.117210988998413
1.1466612803936005
1.2007849061489104
1.1316598963737488
1.0835378742218018
1.0852848029136657
1.1503033936023712
1.0792606008052825
1.1298928046226502
1.136144721508026
1.1415575408935548
1.1192309761047363
1.1881168234348296
1.1253202617168427
1.0878479123115539
1.119862562417984
1.163825877904892
1.137557294368744
1.1132230532169343
1.1440677964687347
1.1101867711544038
1.1581605899333953
1.1273594748973848
1.1017196440696717
1.151629843711853
1.1131556630134583
1.0802726578712463
1.1630025470256806
1.1368920052051543
1.124421079158783
1.1374615442752838
1.1291834759712218
1.1005080676078796
1.185642627477646
1.0617553889751434
1.0528920269012452
1.117280226945877
1.1463913702964783
1.1492504632472993
1.10467915892601
1.1077724051475526
1.0844888269901276
1.2193854904174806
1.097798821926117
1.1312640309333801
1.1186569321155548
1.0940662717819214
1.1201272118091583
1.1448130655288695
1.0852980542182922
1.1750255584716798
1.1498946464061737
1.1267172062397004
1.1177474856376648
1.095252560377121
1.1131385028362275
1.0838861167430878
1.1230577683448792
1.1240388524532319
1.1073040235042573
1.0836332190036773
1.1279409277439116
1.1165230333805085
1.1382776498794556
1.0768936693668365
1.1318479347229005
1.1591399252414702
1.1185012543201447
1.0858906316757202
1.092871081829071
1.1507120025157929
1.142379858493805
1.157095078229904
1.136033101081848
1.138194283246994
1.1690259611606597
1.0724994933605194
1.0759382879734039
1.1548822343349456
1.1451873910427093
1.1279905331134796
1.1109581553936005
1.121017792224884
1.1259908092021942
1.1185168039798736
1.110632964372635
1.0501557040214538
1.0786942410469056
1.1033339715003967
1.0586946046352386
1.1437813019752503
1.1702910304069518
1.1103085815906524
1.1700486493110658
1.1515411007404328
1.151252189874649
1.1202367854118347
1.1377231514453887
1.1337442111968994
1.1052161729335785
1.118054037094116
1.1992950463294982
1.098151957988739
1.1455059325695038
1.101101403236389
1.076411542892456
1.0751580667495728
1.161558587551117
1.1630317866802216
1.1375988280773164
1.0611531949043274
1.1066011738777162
1.0933654701709747
1.1174334800243377
1.1143131983280181
1.103058134317398
1.1836917185783387
1.1338846266269684
1.0967602777481078
1.1279255032539368
1.1441365790367126
1.0904450857639312
1.1132508265972136
1.1090141022205353
1.1311881279945373
1.132226846218109
1.1163603627681733
1.1544143104553222
1.0969289541244507
1.0745664393901826
1.07111203789711
1.1196225428581237
1.134898099899292
1.1139916574954987
1.0717504286766053
1.0995831441879274
1.121938362121582
1.1254015791416168
1.0853267049789428
1.119966332912445
1.0832242214679717
1.1436724758148193
1.092449756860733
1.1760188853740692
1.1496928691864015
1.122019478082657
1.1300837290287018
1.142173044681549
1.1739647710323333
1.1287637984752654
1.1435925686359405
1.1448980474472046
1.1007661235332489
1.1093636989593505
1.1010575771331788
1.1245305633544922
1.1291062569618224
1.125536663532257
1.1219547879695893
1.1495659017562867
1.1664311921596526
1.0902037942409515
1.1947004330158233
1.1104493653774261
1.07448894739151
1.159105452299118
1.1321773028373718
1.1017219531536102
1.1092986714839936
1.1310181605815888
1.1275978195667267
1.0988550615310668
1.0965003204345702
1.084449461698532
1.0841146767139436
1.143681367635727
1.1371894705295562
1.0814608943462372
1.1620469307899475
1.0938880658149719
1.1695941960811616
1.0964846765995027
1.153996992111206
1.117477571964264
1.1141535311937332
1.0915213859081268
1.1036490094661713
1.1590605509281158
1.086758749485016
1.090369886159897
1.1469332051277161
1.1111471605300904
1.139028915166855
1.119194630384445
1.1177879667282105
1.1888443958759307
1.1011446070671083
1.091532427072525
1.1529011070728301
1.1253035128116609
1.1920887517929077
1.1051604795455932
1.0792182207107544
1.1271299946308135
1.140553913116455
1.0780113005638123
1.1749826538562775
1.1691566896438599
1.086089576482773
1.1397267842292786
1.1235730707645417
1.1543580210208892
1.1167719483375549
1.0901011002063752
1.1041980385780334
1.0942906939983368
1.1263827109336852
1.0922473990917205
1.1165534329414368
1.1041310381889344
1.1076461935043336
1.1171153748035432
1.142272597551346
1.1785580468177796
1.1204325330257416
1.1468833303451538
1.1474953162670136
1.1271935081481934
1.1456515073776246
1.1501932621002198
1.1260919177532196
1.1505068194866181
1.0897070503234862
1.1620097088813781
1.2119092512130738
1.1152118241786957
1.1413888621330261
1.1114123201370238
1.1339374351501466
1.1261938178539277
1.097388161420822
1.1655732309818267
1.1496290898323058
1.182919384241104
1.1639488279819488
1.0910589408874511
1.1078438532352448
1.1529818522930144
1.0710153019428252
1.146226726770401
1.077923882007599
1.1136476361751557
1.0967222654819488
1.1686657440662385
1.1166614043712615
1.1049943602085113
1.0697834706306457
1.0963263142108917
1.1192549681663513
1.2072525358200072
1.1535824489593507
1.1646620953083038
1.1099849450588226
1.1242266643047332
1.1334810912609101
1.10808309674263
1.0872208154201508
1.0955117154121399
1.0510852527618408
1.139548431634903
1.091567530632019
1.1014075100421905
1.1166258299350738
1.1993778431415558
1.096228255033493
1.1429501843452454
1.0991990053653717
1.1077091526985168
1.1634158551692964
1.1316131603717805
1.1656918716430664
1.131609729528427
1.1031869387626647
1.1166245639324188
1.1176436269283294
1.1434020566940308
1.1761724281311035
1.0955462956428528
1.109552332162857
1.1469899809360504
1.141289564371109
1.1367598152160645
1.1257185661792755
1.0742720997333526
1.1190929126739502
1.0810537981986998
1.1458129858970643
1.1664666152000427
1.0994935822486878
1.1334339010715484
1.121453263759613
1.179999085664749
1.1411347675323487
1.1151697778701781
1.0816355180740356
1.1281965100765228
1.16195592045784
1.0986184918880462
1.0641327154636384
1.1433359098434448
1.1441269361972808
1.1423646688461304
1.1249617314338685
1.091908277273178
1.154933706521988
1.1429300498962403
1.1550786316394805
1.068776123523712
1.1448445630073547
1.088337734937668
1.094656491279602
1.1128074967861175
1.1037973582744598
1.0647511553764344
1.1305943942070007
1.1109802961349486
1.1312170684337617
1.0737127196788787
1.1297776901721954
1.0888123714923859
1.1405698037147523
1.0740775167942047
1.0929008901119233
1.1689442133903503
1.1432696056365967
1.1369245064258575
1.1340656042099
1.0723079919815064
1.0634431672096252
1.1169009268283845
1.1714809489250184
1.0576001524925231
1.1538776457309723
1.090627349615097
1.1416426348686217
1.1011427819728852
1.1675046813488006
1.1427814722061158
1.1386798119544983
1.1708153784275055
1.141297847032547
1.0835369896888734
1.1616106486320497
1.1031495368480682
1.1137005853652955
1.1336084032058715
1.134188288450241
1.1525424027442932
1.15463254570961
1.1260188913345337
1.1314236974716188
1.1132250869274138
1.1500018644332886
1.1632926332950593
1.0968551695346833
1.1164363610744477
1.0652789080142975
1.143201504945755
1.1472498679161072
1.1176177275180816
1.1272181224823
1.1092030465602876
1.1393177318572998
1.1147725355625153
1.1167824184894561
1.1322855019569398
1.1196539771556855
1.1317865240573883
1.17049742937088
1.0943327605724336
1.1143988585472107
1.1030633580684661
1.1152899634838105
1.1698228454589843
1.143869149684906
1.095245133638382
1.2006796407699585
1.1612962138652803
1.1340339982509613
1.164896274805069
1.1026654291152953
1.1493055641651153
1.1461980879306792
1.124527759552002
1.089772230386734
1.080383050441742
1.1524365758895874
1.1284818518161774
1.1099460697174073
1.1668780088424682
1.1304955434799195
1.1407374501228333
1.1309773623943329
1.074542109966278
1.1110759091377258
1.1530262291431428
1.0659504461288452
1.1277907705307006
1.0590942335128783
1.1694518160820007
1.1297660434246064
1.1519082057476044
1.098707365989685
1.0808050191402436
1.105533504486084
1.2047192120552064
1.1605116081237794
1.0974819326400758
1.121121941804886
1.0961386835575104
1.0956590354442597
1.108550547361374
1.100554140806198
1.085614492893219
1.1117213702201842
1.1159546995162963
1.132949081659317
1.0987500035762787
1.0898125791549682
1.110508335828781
1.0843292140960694
1.1322796189785003
1.1652013981342315
1.0847490346431732
1.1163139820098877
1.1299573147296906
1.053377479314804
1.0645575320720673
1.1869476628303528
1.1091766214370729
1.1040678632259369
1.106889419555664
1.049558596611023
1.1238553428649902
1.1493429088592528
1.1146299588680266
1.0895004045963288
1.1204831564426423
1.0753255271911621
1.1654324769973754
1.1292826926708222
1.1553569757938384
1.1047380375862121
1.1024819934368133
1.0985671007633209
1.114029598236084
1.0729995524883271
1.0706122362613677
1.1208761882781983
1.1623773789405822
1.1209678661823272
1.0614594900608063
1.112979962825775
1.0379990446567535
1.1369407427310945
1.1902458107471465
1.169472326040268
1.125935184955597
1.1341339886188506
1.0955285286903382
1.112016991376877
1.0463380634784698
1.065705828666687
1.1086535441875458
1.1630746114253998
1.1551780700683594
1.1237003207206726
1.111663018465042
1.1412365627288819
1.1660745966434478
1.1478381359577179
1.117756917476654
1.158741867542267
1.1091334640979766
1.062591084241867
1.1840538227558135
1.1227081215381622
1.1292453193664551
1.1214742183685302
1.1504452478885652
1.1343804824352264
1.1298907279968262
1.1031020677089691
1.0735169553756714
1.1285451316833497
1.1331081998348236
1.0902275276184081
1.0862684261798858
1.10701211810112
1.1749221074581147
1.1749165701866149
1.095364772081375
1.055925085544586
1.126782741546631
1.134611620903015
1.091188589334488
1.1003402829170228
1.1211517763137817
1.088676334619522
1.0775347709655763
1.106932017803192
1.1641640555858612
1.0848083949089051
1.088518658876419
1.149572615623474
1.1282793819904327
1.149424560070038
1.1771994316577912
1.140346153974533
1.1278806293010712
1.0921562898159027
1.1476052832603454
1.1029712963104248
1.1153631007671356
1.125423868894577
1.1606588351726532
1.097898074388504
1.1195742619037627
1.1024234759807587
1.1308429658412933
1.125990263223648
1.0955387353897095
1.114651231765747
1.078715788125992
1.114080331325531
1.0655982518196105
1.1175360774993897
1.1331922316551208
1.0985967230796814
1.056305376291275
1.1682225024700166
1.1496074163913728
1.0598221385478974
1.125957876443863
1.085887598991394
1.1330499684810638
1.0876121068000792
1.1479587507247926
1.1488888657093048
1.090969865322113
1.0837835264205933
1.1305593597888945
1.1350639474391937
1.096122487783432
1.1475496447086335
1.1144088488817214
1.1107094669342041
1.1504506087303161
1.1208039903640747
1.0636663734912872
1.148679563999176
1.0934843480587007
1.1157270681858062
1.1282850992679596
1.1226898336410522
1.272669653892517
0.9967592906951904
1.0325099968910216
1.0285469806194305
1.0688494372367858
1.0056372380256653
1.0458140563964844
1.0077175271511079
1.0030944263935089
1.0761912667751312
1.0025191056728362
1.053296047449112
1.093524488210678
1.0276448738574981
1.0499907970428466
1.0525457561016083
1.071762421131134
1.084619323015213
1.0035451459884643
1.087787811756134
1.0260763740539551
1.063363699913025
1.0481204104423523
1.0791491651535035
1.0262218606472016
1.003950777053833
1.0491737633943559
1.0626832807064057
1.0390990447998047
1.0572106981277465
1.0041502207517623
1.0334692215919494
1.0969370770454407
1.0511485135555267
1.0201485776901245
1.0201468276977539
1.0214818477630616
1.0473080682754516
1.0374029469490051
1.0884336292743684
1.08355863571167
1.0388487327098845
1.0465846621990205
1.0739518702030182
1.0251472401618957
1.0409573411941528
1.0745031023025513
1.074434734582901
1.1100813794136046
1.0741167593002319
1.0653385293483735
1.062696223258972
1.0428049612045287
1.0168459951877593
1.0545525312423707
1.0394800055027007
0.9782886803150177
1.065566965341568
1.031691460609436
1.0401983332633973
1.0815100026130677
1.0639293456077576
1.0725349378585816
1.0575632107257844
1.0266013753414154
1.0376110458374024
1.1010929918289185
1.0533078181743623
1.0971151995658874
1.0359653854370117
1.0604762482643126
1.0581062150001526
1.0733395862579345
1.0588803899288177
1.0774395501613616
1.079322476387024
1.1039631903171538
1.0124846649169923
1.0160139524936675
1.0549453604221344
1.0013996064662933
1.0692312967777253
1.0114185082912446
1.0943034732341765
1.1066234743595122
1.0811514151096344
1.0605487322807312
1.0910120010375977
1.0788316828012467
1.0733398926258086
1.0733159041404725
1.0262136888504028
1.0751504361629487
0.9840104794502258
1.0697364115715027
1.0637228763103486
1.0978652000427247
1.0356702798604964
1.0172714042663573
1.0479860925674438
1.0828688764572143
1.1097409009933472
1.0834315073490144
1.0678451204299926
1.1184615874290467
1.038358474969864
1.0736713671684266
1.0596932542324067
1.0882333743572234
1.0641884684562684
1.08522509932518
0.9933844041824341
1.0530715787410736
1.0018256640434264
1.0952088344097137
1.0147513377666473
1.0503026521205903
1.069050806760788
1.087924337387085
1.0877188551425934
1.0544079911708832
1.0660077464580535
1.028504444360733
1.0444715309143067
0.9909996795654297
1.0791469991207123
1.0192820370197295
1.025331346988678
1.072416535615921
1.054227842092514
1.085443421602249
1.0480419409275055
1.0796473288536073
1.0744928681850434
1.060422315597534
1.0745738410949708
1.0429477322101592
1.0805199790000914
1.039553816318512
1.0234254240989684
1.0325618016719817
1.051694885492325
1.0224758327007293
1.0428287088871002
1.0275448143482209
1.0572670269012452
1.022362800836563
1.0775008773803711
1.0188019049167634
1.0360898506641387
1.0871955406665803
1.04241193652153
1.081063859462738
1.1203383922576904
1.0684998333454132
1.047721208333969
1.0802853858470918
0.9989931070804596
1.0636793076992035
1.0550676381587982
1.047409598827362
1.0378716683387756
1.0525663256645204
1.0980781245231628
1.0723216199874879
1.0579567897319793
1.0520637369155883
1.0268068623542785
1.1000785624980927
1.0362102472782135
0.9955785751342774
1.0717483496665954
1.0574191951751708
1.034841845035553
1.0148757803440094
1.0351964330673218
1.0428827571868897
1.0943939352035523
1.062582142353058
1.055207132101059
1.079347083568573
0.9943031096458435
1.0807184028625487
1.0658530521392822
1.0879029405117036
1.003480964899063
0.9955925440788269
0.9994335830211639
1.0328840875625611
1.0811497497558593
1.0314150309562684
1.0428181755542756
1.0253689360618592
1.0324485170841218
1.0307906067371368
1.0710454618930816
1.0379007971286773
1.0435694241523743
1.0207058215141296
1.0283681440353394
1.025832440853119
1.0720886492729187
1.061757460832596
1.0542587590217591
1.1131607687473297
1.0296162736415864
1.067437651157379
1.0811180448532105
1.0472717154026032
1.0423530983924865
1.0543842554092406
1.0196798288822173
1.0607712709903716
1.0499950528144837
1.076240874528885
0.9859703433513641
0.9983249270915985
1.0656827640533448
1.055690941810608
1.0389849436283112
1.0397972559928894
1.0674772071838379
1.0655159270763397
1.0685723996162415
1.0641363942623139
1.063815153837204
1.029500848054886
1.0548056507110595
1.0445784842967987
1.0617306852340698
1.080639820098877
1.0568984949588776
1.1102391850948334
1.0818127250671388
1.045936096906662
1.0864674437046051
1.0763652610778809
1.0221577727794646
1.03228675365448
1.0497422957420348
1.1087722337245942
1.041990375518799
1.0668492758274077
1.035067639350891
1.0661259746551515
1.0765872132778167
1.0440677285194397
1.0948622822761536
1.0572694611549378
1.0902758073806762
1.0078233754634858
1.04900954246521
0.9974317669868469
1.08485271692276
1.0673445904254912
1.0225378775596619
1.0400594615936278
1.0912073183059692
1.0567211043834686
1.0812227368354796
1.0867419505119325
1.0087207067012787
1.0690894138813019
1.0744219970703126
1.057968908548355
1.0833135414123536
1.0750910794734956
1.0649362468719483
1.0468589425086976
1.0530467581748963
1.066672956943512
1.0801853704452515
1.0122986376285552
1.1145350134372711
1.0575320827960968
1.0122544980049133
1.0702834856510162
1.0661245608329772
1.1119599509239197
1.0796394813060761
1.0256072688102722
1.0599418818950652
1.0760899007320404
1.0820016288757324
1.0180839550495149
1.0876859879493714
1.1039824545383454
1.0840881633758546
1.0520866417884827
1.0315303015708923
1.0719182467460633
1.0873979449272155
1.0378004205226898
1.0659215307235719
1.053396065235138
1.0379955792427062
1.0784535217285156
1.0598173141479492
1.071880397796631
1.0744932353496552
1.0608418607711791
1.021415617465973
1.011289612054825
1.044487669467926
1.100565207004547
1.0152779495716096
1.0612862586975098
1.0021570384502412
1.0961099004745483
1.0390376937389374
1.0264374661445617
1.010751304626465
1.0913234400749205
1.021063929796219
1.059504860639572
1.0663773286342622
1.0727141070365906
1.0518975639343262
1.0162722098827361
1.026412763595581
1.0867025339603424
1.0316412556171417
1.0451312100887298
1.0809444355964661
1.0593608248233795
1.0048287689685822
1.0183055758476258
1.0492395985126495
1.0865480065345765
1.0262949502468108
1.0347454535961151
1.04952898144722
1.0591278052330018
1.0741729485988616
1.062506638765335
1.0026359057426453
1.0586997187137603
1.0250479865074158
1.0424337697029114
1.0551796144247054
1.0656033408641816
1.0582334673404694
1.0647595947980881
1.0530799949169158
1.0486451029777526
1.0243412029743195
1.055815976858139
1.0358891761302949
1.0588608193397522
1.0098533570766448
1.1091477143764497
1.0639741480350495
1.016624060869217
1.0577063250541687
1.0485577929019927
1.053623663187027
0.9727137756347656
1.026249475479126
1.1099440348148346
1.1214067769050597
1.054395124912262
1.044040150642395
1.0325256013870239
1.0775546193122865
1.0170130586624146
1.060173054933548
0.9921229767799378
1.031819931268692
1.027313905954361
1.0930840528011323
1.0353468918800355
1.0198264920711517
1.0804661536216735
1.0569179582595825
1.0816475093364715
1.0787210726737977
1.0417674493789673
1.0275667381286622
1.0722155368328095
1.0578559696674348
1.0711813938617707
1.0843775534629823
0.9890888774394989
1.0333808648586273
1.0771296775341035
1.056553738117218
1.0772912609577179
1.05392094373703
1.0774224054813386
1.0755636239051818
1.0518638610839843
1.023096867799759
1.002508419752121
1.0623774015903473
1.0606889069080352
1.0323797023296357
1.071692407131195
1.027285817861557
1.0567411065101624
1.0248848021030426
1.0765499877929687
1.0138715517520904
1.06033238530159
1.0216622126102448
1.064056453704834
1.0246467792987823
1.046892192363739
1.0851232504844666
1.0625938165187836
1.0002740120887756
1.0827464306354522
1.0730741035938263
1.0619853115081788
1.0178309535980226
1.050322026014328
1.0116083025932312
1.011931723356247
1.035957362651825
1.035644085407257
1.0637476015090943
1.0494863724708556
1.045179260969162
1.0415966272354127
1.0457267808914184
1.0429618525505067
1.0518903529644013
1.040627100467682
1.0553751659393311
1.0493811631202699
1.0733330273628234
1.0470631659030913
1.027085818052292
1.031633313894272
1.1099883210659027
1.080605000257492
1.0905710804462432
1.0136164760589599
1.0389848136901856
1.0458353173732757
1.1085838234424592
1.0297476279735565
1.0751049327850342
1.0768344628810882
1.0715347969532012
1.071077686548233
1.0968175506591797
1.089559804201126
1.0535903930664063
1.076216938495636
1.0500480806827546
1.053486886024475
1.0282293462753296
1.0107182443141938
0.9857459270954132
1.1470421659946441
1.0406591773033143
1.0769492971897126
1.0288025999069215
1.0324362087249757
1.0603179466724395
1.0979401397705078
1.0336102271080017
1.0086660420894622
1.0661736381053926
1.0127446532249451
1.0156846523284913
1.0734484243392943
1.0481066763401032
1.0119435858726502
1.0410852599143983
1.030003423690796
1.0822046899795532
1.074117467403412
1.076083619594574
1.0479693043231963
1.0076958417892456
1.0792009222507477
1.0464327216148377
1.0738593411445618
1.0228440260887146
1.059880064725876
0.9969665968418121
1.054077912569046
1.063495124578476
1.0860827028751374
1.0532705366611481
1.0266785991191865
1.016266176700592
1.0967646145820618
1.0132572698593139
1.0323587453365326
1.052200495004654
1.0831179070472716
1.039017150402069
1.0518364644050597
1.0838908421993256
1.06038743019104
1.04745623588562
1.0373537409305573
1.0498687505722046
1.0817054665088655
1.063840183019638
0.9943105506896973
1.0204360938072206
1.0622911024093629
1.0539144098758697
1.0414123928546906
1.0343819558620453
1.0078098368644715
1.0565000700950622
1.0759754228591918
1.0678626477718354
1.065493266582489
1.0554669392108917
1.0917069256305694
1.0093807566165924
1.0880686902999879
1.023206285238266
1.1072497689723968
1.0546879148483277
1.038575873374939
1.0411026692390442
1.047528896331787
1.0532035982608796
1.0293952441215515
1.0509694707393646
1.028267694711685
1.0490413773059846
1.036766619682312
1.0650873506069183
1.03934046626091
1.0315116500854493
1.0334832048416138
1.0098307597637177
1.0624660301208495
1.04562180519104
1.1263447737693786
1.021202129125595
1.1201070594787597
1.0929706907272339
1.0249577498435973
1.0101648461818695
1.034019945859909
1.0230589199066162
1.0395343029499053
1.0686209774017335
1.0486773657798767
1.0733876156806945
1.057431138753891
1.0927951991558076
1.0335372066497803
1.0324808943271637
1.0491148829460144
1.050295161008835
1.048845010995865
1.091131534576416
1.0875526297092437
1.070084673166275
1.0669569456577301
1.0160949873924254
1.0895611357688904
1.0580718433856964
1.046698681116104
1.0610842514038086
1.068827543258667
1.033377116918564
1.0708072078227997
1.0594306266307831
1.0619928002357484
1.0670820105075836
0.9934693956375122
1.0598759305477143
1.0537792003154756
0.9800494515895843
0.9920093977451324
1.0658325636386872
1.0410984122753144
0.981710114479065
1.07775270819664
1.0467323625087739
1.0548825037479401
1.0487507688999176
1.039460083246231
1.0259124517440796
1.0525558924674987
1.0608955204486847
1.1163719272613526
1.0629679155349732
1.0260272860527038
1.03271142244339
1.0678938508033753
1.0069758129119872
1.0726592826843262
1.0671493458747863
1.0816243290901184
1.0827135229110718
1.0862472367286682
1.0621888053417206
1.058858425617218
1.0975309824943542
1.1118477761745453
1.1175863540172577
1.0780402994155884
1.0471774077415466
0.9956710076332093
1.0802220475673676
1.0715581107139587
1.080542287826538
1.0765253126621246
1.0072895443439485
1.0747656404972077
1.0482029545307159
1.0226844573020935
0.9893778979778289
1.0292874085903168
1.0013395154476166
1.0954648876190185
1.0193403220176698
1.0509090793132783
1.015863860845566
1.047343282699585
1.0157972037792207
1.1127526998519897
1.0343452131748199
1.0846336960792542
1.1045541071891785
1.1129313254356383
1.0840654253959656
1.0861602592468262
1.06789403796196
1.011146615743637
1.0493603789806365
1.008827885389328
1.0794504535198213
1.081932370662689
0.9885967874526977
1.031817866563797
1.0431815719604491
1.0736474621295928
1.0650727534294129
1.0596841871738434
1.054156209230423
1.0547099602222443
1.0779015707969666
1.050817050933838
1.0443098425865174
1.0849366343021394
1.0546287322044372
1.0566426849365234
1.0542576241493224
1.0538211512565612
1.065875859260559
1.0075999522209167
1.0744274294376372
1.0767929899692534
1.0329552972316742
1.0523708868026733
1.0805717158317565
1.0868818259239197
1.0742711329460144
1.0861735546588898
1.0553963696956634
1.0002566540241242
1.0733618545532226
1.0230458605289459
0.9944263708591461
1.0342703795433044
1.101188327074051
1.0476421856880187
1.0731626188755035
1.0740175998210908
1.109882594347
0.9987041747570038
1.0124610888957977
1.0459486889839171
1.0727050018310547
1.055751849412918
1.0244597434997558
1.0234115970134736
1.0156705224514007
1.0905686950683593
1.062259601354599
1.0688416659832
1.0483503794670106
1.090457968711853
1.0565723502635955
1.0279516172409058
1.0356567895412445
1.0426281416416168
1.0348101377487182
1.0480171811580659
1.0626856291294098
1.057241106033325
1.0627051210403442
1.0265431571006776
1.008008531332016
1.050937020778656
1.0436751890182494
1.0882355391979217
1.1112813138961792
1.0564536571502685
1.119306961297989
1.0536692929267883
1.0301694810390472
1.055732649564743
1.0737074279785157
0.9952745592594147
1.036670719385147
1.0559949898719787
1.0376525461673736
1.0336516618728637
1.0630963921546936
1.0786123406887054
1.0738062059879303
1.0824493038654328
0.9961776912212372
1.0921357679367065
1.097517627477646
1.0485640716552735
1.0788787639141082
1.0431274569034577
1.0845367586612702
1.0746793472766876
1.0866912245750426
1.0948340582847595
1.0478862035274505
1.0388003396987915
1.0657595002651215
1.0574631845951081
1.035314096212387
1.0566424703598023
1.0656169331073762
1.0798659586906434
1.1255135536193848
1.0198203372955321
1.0200899314880372
1.072866690158844
1.072558343410492
1.0287147963047027
1.0580555510520935
1.0539291489124298
1.0551376569271087
1.0310734736919402
1.039240424633026
1.0612305426597595
1.0697090554237365
1.0655491054058075
1.1113562524318694
1.044620841741562
1.0331736159324647
1.0046602523326873
1.0592367875576019
1.03579310297966
1.0895590567588807
1.0727985787391663
1.0833029699325563
1.0268824946880342
1.0607676458358766
1.0815431928634645
1.0672559309005738
1.0048466634750366
1.075469822883606
1.0905292594432832
1.1103050482273102
1.028084112405777
1.0448899483680725
1.0742202603816986
1.0887102019786834
1.029495655298233
1.053555074930191
1.0931582963466644
1.0281846451759338
1.0447396123409272
1.0354920303821564
1.0238058531284333
1.0777143776416778
1.059057092666626
1.0139503180980682
1.1106798076629638
1.074565727710724
1.061760470867157
1.0680008387565614
1.0856745648384094
1.0682123947143554
1.076997447013855
1.0066021108627319
1.0483973681926728
1.0984895575046538
1.1012924993038178
1.0476498317718506
1.1020689475536347
1.049537603855133
1.0980437111854553
1.0508251321315765
0.9937613928318023
1.0611296963691712
1.062598785161972
1.0777476966381072
1.0646046268939973
1.0473572307825088
1.064700368642807
1.1012299287319183
1.0257958459854126
1.0727651083469392
1.0598203146457672
1.028378220796585
1.0761277103424072
0.9834973073005676
1.09955322265625
1.087733645439148
1.0743113827705384
1.0585899102687835
1.0188414800167083
1.1735436260700225
1.0134960079193116
0.9922634291648865
1.0917940485477446
1.0458216059207917
1.0588779759407043
1.0368861854076385
1.0212587451934814
1.0583358716964721
1.012660609483719
1.0465914106369019
1.0949835550785065
1.019175612926483
1.0567395973205567
1.0540651345252992
1.0569907784461976
1.0495604014396667
1.0592794215679169
1.0865504586696624
1.0245432293415069
1.060263193845749
1.0901124334335328
1.022626485824585
1.0728752613067627
1.048276456594467
1.07389622092247
1.0895792108774185
1.0552622091770172
1.0310687983036042
1.1103050684928895
1.0763142228126525
1.0549250102043153
1.030741183757782
1.0489423882961273
1.0281031608581543
1.1058394646644591
0.9978030431270599
1.0563206911087035
1.0379951226711273
1.0245748043060303
1.0823607432842255
1.0562579762935638
1.0106318163871766
1.0161832082271576
1.0867809903621675
1.0402207732200623
1.0451197803020478
1.0370334470272065
1.0857993865013122
1.0731100404262544
1.0794728374481202
1.1286348235607147
1.0823822259902953
1.0147875452041626
1.040068027973175
1.065021116733551
1.0560096150636673
1.0611373031139373
1.0256646144390107
1.0628242146968843
1.0642398262023927
1.024348692893982
1.051042263507843
1.0854894757270812
1.0423662400245666
1.0366924381256104
1.0661612713336945
1.029197520017624
1.0351267492771148
1.0677537441253662
1.077075742483139
1.0435227763652801
1.0428674411773682
1.0836104559898376
1.0506520235538483
1.0678003191947938
1.0761563980579376
1.0298694062232971
1.06259211063385
1.1303898227214813
1.0529556107521056
1.0873511385917665
1.0629292047023773
1.0662914395332337
1.0279196786880493
1.0871169066429138
1.0799352860450744
1.097827855348587
1.1044752418994903
1.070334998369217
1.0326846265792846
1.016799955368042
1.0532062721252442
1.1079442262649537
1.0937077105045319
1.0396933841705323
1.1113633799552918
1.076379908323288
1.0569178199768066
1.0923866105079652
1.0184057068824768
1.0396619629859924
1.0676560771465302
1.083181164264679
1.0181459033489226
1.0445771741867065
1.010499370098114
1.0650052738189697
1.0903775739669799
1.0557678544521332
1.034747965335846
1.1130990850925446
1.0711809229850768
1.0578218221664428
1.0599526858329773
1.1015741539001465
1.0881545853614807
1.0599775791168213
1.0155719888210297
1.1125686264038086
1.0626740670204162
1.039800615310669
1.0809010004997253
1.0641635799407958
1.025629196166992
1.0184682488441468
1.0277053952217101
1.0089510405063629
1.0203571796417237
1.08685018658638
1.0521921384334565
1.0174759531021118
1.0826286733150483
1.1592040741443634
1.0968867969512939
1.0734453725814819
1.0265605497360228
1.0999816715717317
1.1233342730998992
1.0098556518554687
1.0461969363689423
1.0823110699653626
1.0389145839214324
1.0175809419155122
1.0532627713680267
1.07757377743721
1.0159176242351533
1.0805587351322175
1.0195300352573395
1.020217502117157
1.0615869510173797
1.0612339675426483
1.0305810105800628
1.1023544311523437
1.0277838850021361
1.0392357790470124
1.0466593396663666
1.0327067589759826
1.0551193487644195
1.0997150790691377
1.0814173233509063
1.0502399373054505
1.0719757771492004
1.053152905702591
1.0881493806838989
1.0643289124965667
1.0013524222373962
1.0441937220096589
1.033309316635132
1.0963323414325714
1.0667730128765107
1.0273412835597993
1.0756164002418518
1.0465203762054442
1.056831966638565
1.0395969080924987
1.077284642457962
1.0566573750972748
1.060701731443405
1.0666781640052796
1.042204245328903
1.0831124675273895
1.0045655405521392
1.0149293529987335
1.0464886248111724
1.107307630777359
1.0153112626075744
1.107823759317398
1.030214511156082
1.0608757603168488
1.0181677722930909
1.0671603059768677
1.0824709773063659
1.0346837651729583
1.0758367323875426
1.0773018503189087
1.037459145784378
1.0140545904636382
1.031836997270584
1.036027102470398
1.0454807841777802
1.0804352426528931
1.0290309286117554
1.0899040150642394
1.0510812675952912
1.0551557552814483
1.0810163879394532
1.2521136975288392
1.0935265338420868
1.0044233524799346
0.9796940279006958
1.01682950258255
0.9840473115444184
1.0199505996704101
1.0831874310970306
1.0162472641468048
1.0028947806358337
1.0455230212211608
0.9864445048570633
1.0241126680374146
1.0125780773162842
1.0112737238407135
1.0068084406852722
0.9857569503784179
1.0201526248455048
1.019736179113388
0.9685729289054871
1.008221424818039
1.0170504760742187
0.9991646087169648
0.9798539042472839
1.0591957974433899
1.0247012770175934
1.004540205001831
0.9922275280952454
0.9828616166114807
1.0580806493759156
0.9755499541759491
0.9761836564540863
1.02983149766922
1.0089378917217255
0.978354617357254
1.0113040208816528
1.0277542173862457
1.0049938189983367
1.062152965068817
1.0220227587223052
1.005780417919159
1.013760246038437
0.9903097021579742
1.0411967861652374
1.0125734102725983
0.9915284025669098
0.9864938724040985
1.034114934206009
1.034482969045639
0.9985881769657134
0.9913587129116058
1.017775869369507
0.9832967793941498
1.0204945421218872
0.9571870195865632
1.0087691259384155
1.0495115041732788
1.0419793009757996
1.0004385793209076
0.9609559714794159
0.965876454114914
1.029659081697464
0.9982472062110901
1.0423247158527373
1.009023152589798
1.019471869468689
1.010074336528778
1.0132442021369934
0.9461314630508423
1.0515840721130372
0.9892919147014618
1.0005008006095886
1.0530823409557342
0.9935775792598724
1.0129698991775513
0.9919448494911194
1.0246417558193206
0.9845867037773133
1.0328287446498872
1.039215190410614
0.9942002713680267
0.9681972730159759
1.0095704174041749
1.0266345918178559
1.0333172369003296
0.953946008682251
0.9988383758068085
1.00338680267334
1.0252414655685425
1.0224842429161072
1.0110481095314026
1.0281454718112946
1.0340964496135712
1.0590766096115112
0.9562884485721588
1.013016928434372
0.9997313225269318
0.9716734576225281
0.9998241341114045
1.017545791864395
1.0048702239990235
1.0002525794506072
0.9942449796199798
1.0264980924129485
1.0158982741832734
0.9784726643562317
0.9913016605377197
1.0196145379543304
0.9637394082546235
0.970581431388855
0.9932433032989502
1.0173832702636718
0.9843351411819458
0.9873412692546845
1.046307260990143
1.0209476029872895
0.9832481479644776
0.9748214256763458
1.00158637881279
0.977722555398941
1.0054838120937348
0.9868783068656921
0.9406925714015961
1.044228423833847
0.9875818264484405
1.0104609036445618
1.0474638843536377
1.003105299472809
1.0300691759586333
1.029364207983017
1.0180071651935578
0.9907348191738129
1.0272397780418396
1.0404150378704071
1.0065613985061646
1.0493114948272706
1.0199001049995422
0.9730141496658326
1.0127778923511506
1.0453958094120026
1.0290127277374268
0.9912896454334259
1.011990212202072
1.059132044315338
0.995220662355423
1.0167832481861114
0.9611188113689423
1.0327093136310577
1.028915799856186
0.9885024189949035
0.9827194249629975
0.9749418359994888
0.9795991063117981
1.00499569773674
1.0770953762531281
0.9794478642940522
1.0382250583171844
1.0343957757949829
1.0440953648090363
1.043033846616745
1.0025309860706328
1.0026457679271699
0.9921752405166626
0.9983102536201477
1.007647625207901
0.9661467480659485
1.0509096240997315
1.024362655878067
0.9870076251029968
1.0142796099185944
1.0342732572555542
1.035276665687561
1.0343725728988646
1.006440088748932
1.0028218293190003
0.9656805121898651
0.9789135885238648
0.9961494016647339
0.9489906239509582
0.9800523495674134
1.0204977178573609
1.0599575996398927
0.9701894056797028
1.0484529113769532
0.9721563029289245
1.0002976095676421
1.0355053162574768
1.0431339645385742
1.0124523186683654
0.9782344937324524
1.012080923318863
0.9899404132366181
1.0094195103645325
1.0040101528167724
1.0160866856575013
0.9608159172534942
1.0134054005146027
0.9910149526596069
0.991021238565445
0.9733878564834595
1.0136429011821746
1.0055347335338594
0.996192706823349
1.0311762118339538
1.0099918246269226
0.9937875294685363
1.0242981219291687
1.0087816035747528
1.005107388496399
0.9584940207004548
1.030952136516571
0.9866497075557709
0.9808876776695251
0.9692061853408813
0.951606297492981
0.9308349061012268
0.9981136453151703
1.0451714777946473
1.0190430057048798
0.9998881161212921
1.0158279478549956
1.0169395852088927
0.9841501939296723
1.00612544298172
0.9648948454856873
0.9824608290195465
1.0398601138591765
1.0383501601219178
1.000709308385849
0.9688385462760926
1.0204332172870636
1.0006304848194123
0.994561277627945
1.048095874786377
1.0141189670562745
1.0302853405475616
0.963532954454422
0.9938290965557098
1.0273659992218018
0.9611258900165558
1.033856712579727
1.0174984073638915
0.9984423398971558
1.0025081515312195
0.9890834140777588
0.995178906917572
1.0014206457138062
1.0190328586101531
0.9853755939006805
0.9963503730297089
1.0389226710796355
1.058931382894516
1.0234573018550872
1.0168226099014281
0.9978214490413666
1.0207510673999787
1.0244289577007293
0.9984274983406067
0.9773365879058837
0.9878605246543884
0.9998848795890808
0.9896972811222077
0.9990250396728516
1.0088180744647979
1.0171005922555922
1.0060298001766206
1.0250229549407959
1.0172483706474305
0.9842243373394013
1.0422273457050324
1.015211625099182
1.0148166251182555
1.0390664064884185
1.008061126470566
0.9295595467090607
1.041099842786789
0.9902565634250641
0.9973488652706146
1.0604145801067353
1.0163577961921693
1.0097920608520508
1.0243656599521638
1.0354758214950561
0.9653122842311859
1.0371807086467744
0.9696665430068969
1.0232423305511475
0.9491092014312744
0.9943265211582184
1.0377104675769806
0.9937801325321197
0.9684444034099579
1.0457155644893645
0.9974763870239258
1.0104674685001374
0.9917008399963378
0.9369295477867127
1.0137651348114014
0.9844183969497681
0.9850801777839661
0.960793462395668
0.9796297466754913
1.034762921333313
1.02701176404953
1.029279695749283
1.0246115148067474
0.9871378636360169
0.9796761119365692
0.9949891233444214
0.9989023959636688
1.0011003887653351
1.0200647866725923
0.9824619853496551
0.996110680103302
1.031638013124466
0.9737972676753998
1.0284094035625457
1.0474385261535644
1.0408643805980682
1.0160697066783906
1.0080206990242004
1.0150854063034058
0.9722272825241088
1.0244227290153503
1.0153936290740966
1.0329055619239806
0.9696980023384094
1.026720643043518
1.0049948811531066
1.01827516913414
1.02857603430748
0.9943753397464752
0.9677782547473908
1.0081722247600555
0.9683099031448364
1.0211956095695496
1.0286922371387481
1.0144714426994323
0.9886211514472961
1.0324962782859801
0.9917559671401978
0.9982193112373352
0.9799532818794251
0.96637033700943
0.9721625936031342
1.007711786031723
0.9716980767250061
1.0261393225193023
1.0017349076271058
1.026326904296875
1.0420837342739104
0.9546574997901917
1.0411729991436005
1.0533482372760772
1.0115905463695527
1.0071743083000184
1.0445814323425293
0.9970922029018402
0.981469566822052
1.0075759124755859
0.9968254470825195
0.9824450778961181
0.9842230367660523
1.0071538090705872
0.9850632393360138
1.0181858348846435
1.0576733589172362
0.9531631529331207
0.9931971025466919
1.0005408442020416
0.9965409409999847
1.041225917339325
0.9876931118965149
1.0201719284057618
1.0500776481628418
0.9802226948738099
1.0324141061306
0.9904428458213806
1.0476012408733368
0.977535799741745
1.0268973052501678
0.9400434982776642
1.0550040686130524
1.0420786917209626
1.0357845759391784
1.0136183536052703
1.0043356227874756
0.9985118865966797
1.0176886701583863
0.983223626613617
1.006034563779831
1.0228544497489929
0.9968308210372925
1.0195253551006318
1.0061649310588836
1.0540120851993562
0.9926623952388763
0.9922851324081421
0.9645607125759125
0.9940771949291229
1.0221911835670472
1.0193943083286285
1.0202492201328277
0.9778162813186646
0.9807092893123627
0.9965420174598694
1.0005700647830964
0.9694393730163574
0.961601333618164
1.0481687355041505
1.0141926097869873
0.9774126267433166
0.948872457742691
0.979034093618393
1.0183085262775422
0.9966000247001648
1.0278211832046509
1.0255155205726623
1.0078651559352876
1.0052924811840058
0.9828331220149994
0.9736036014556885
0.948489841222763
0.9810472309589386
0.9973045766353608
1.0356142616271973
1.011888383626938
1.0282595193386077
1.0567234396934508
1.0438231587409974
1.00115739941597
1.0019122898578643
1.0677361273765564
1.0003587222099304
1.020392575263977
0.9946804428100586
0.9644334173202515
1.006660213470459
1.025768324136734
0.9628762710094452
0.9978471851348877
1.0333759474754334
0.9911146259307861
1.0349009001255036
1.0289902365207673
0.9760586071014404
1.0051684308052062
0.9944202280044556
0.9865080034732818
1.0268544352054596
1.0363113069534302
1.0149279356002807
1.0389129841327667
0.9917303919792175
0.9493430006504059
1.0066028618812561
1.095423856973648
1.0837920272350312
1.0298198974132537
1.0163295722007752
1.0021738004684448
1.0148749721050263
1.0133071792125703
1.0144167041778565
0.9556159812211991
0.9752550876140594
0.9576680886745453
0.9936358058452606
1.0111203122138976
1.0104217100143433
1.0828146505355836
1.0362321364879608
1.031878877878189
0.9663073682785034
1.064061416387558
1.0044750368595123
1.0099258279800416
1.0102636909484863
1.0331407189369202
1.0411982119083405
1.0413671517372132
1.0085617017745971
1.0205933487415313
0.9784822452068329
1.0579304134845733
1.0087153732776641
1.0192168879508972
0.9571796834468842
1.0068039071559907
1.0165925490856171
0.9761551582813263
1.0884662890434265
1.0198472845554352
0.9878442871570587
1.0079998755455017
1.0145540165901183
1.0173026841878892
1.051791511774063
1.01401247382164
0.9936649060249328
0.9695548057556153
1.0224887311458588
0.9666830527782441
1.0339742028713226
1.0179746699333192
0.9820727229118347
0.9870311784744262
1.009295881986618
1.004809262752533
0.9658606445789337
0.9775694823265075
1.0639695644378662
1.0186017203330993
1.0051918375492095
1.0321663117408753
1.0501783895492554
0.9968418288230896
0.9972766757011413
1.0384630703926085
1.0131788992881774
0.9844806730747223
0.9798703598976135
1.0183025550842286
1.0084143710136413
0.9509064221382141
1.018742651939392
1.0210319685935973
1.0153903198242187
1.0484058344364167
1.011565625667572
1.0205649292469026
1.042768074274063
1.0117052495479584
0.9950354099273682
1.0680517995357512
1.0418243396282196
1.002864534854889
0.9873438644409179
0.975699075460434
1.0332260930538177
0.9941460740566254
1.0284336054325103
1.0170519173145294
1.0301446151733398
1.035630728006363
0.9662412238121033
0.9057151234149933
1.0374462795257569
0.9829648518562317
1.0039658486843108
0.9993391335010529
1.0264337694644927
0.9751520001888275
0.9967151355743408
1.015567616224289
0.9954015219211578
0.9921041822433472
1.0111025226116181
0.9939183533191681
0.9829406416416169
0.9914146149158478
0.9967553794384003
0.9504126393795014
1.040375738143921
1.043967318534851
1.024261325597763
1.0445062184333802
1.023165694475174
1.0294944655895233
0.9570527613162995
1.0523929858207703
0.9915967798233032
0.9922730529308319
1.026553065776825
1.0441728413105011
1.0541252458095551
0.9653897845745086
0.9977328419685364
0.9435735702514648
1.0428475546836853
0.988241970539093
0.9368272316455841
0.9857215964794159
1.0336307680606842
0.9969672513008118
1.0061264991760255
1.0275681376457215
1.061492817401886
1.002534158229828
0.9989379143714905
1.0125400483608247
1.037160985469818
0.9996588993072509
1.0378434109687804
0.962076655626297
1.078749237060547
1.0361886644363403
1.0103750455379485
0.9487338495254517
1.0242490828037263
1.003934611082077
1.0247310972213746
0.9703618919849396
1.0166214156150817
0.9242829000949859
1.0024727821350097
1.0053184390068055
1.00350394487381
0.9776046693325042
1.0183991599082947
0.9782879126071929
1.0024938762187958
1.0189068174362184
0.9954519438743591
0.9745449030399322
1.0196946620941163
1.0361182963848115
1.00983292222023
1.0126209902763366
0.989824298620224
0.9697784161567689
1.0194328260421752
0.9980844807624817
0.9771250450611114
1.0225579285621642
1.0461901473999022
1.020954144001007
1.0110882866382598
1.031026486158371
1.0024804639816285
1.0035606443881988
1.037017993927002
1.0223921751976013
1.0301494133472442
1.0287058579921722
1.0406283986568452
1.0492932963371278
1.0167001903057098
1.0278921186923982
0.9731957042217254
1.031149697303772
0.9874916088581085
1.0202663731575012
1.0420962715148925
1.026510512828827
0.9712495613098144
1.0066193771362304
1.0204889607429504
1.0330950832366943
1.020677409172058
0.993667002916336
0.9935151016712189
1.0757833552360534
0.9858386313915253
0.9924400699138641
0.9926954805850983
0.9990657508373261
1.013098475933075
0.9800653243064881
1.03184126496315
0.9826080298423767
1.028595532178879
1.0044000351428986
0.988237566947937
0.9865645110607147
1.0197797405719757
1.021483678817749
1.0114674401283263
1.0743583416938782
0.9771169817447662
0.9504913246631622
1.0154818904399872
0.9976465451717377
0.9618681931495666
0.9890708756446839
0.9660562372207642
0.9804617404937744
0.9865385603904724
0.9925045251846314
1.0096556401252748
0.9970773875713348
1.0247282874584198
1.0205441772937776
1.0422492253780364
0.9809193170070648
1.0558673226833344
1.0002804946899415
1.0088251501321792
1.00525906085968
1.0041550850868226
1.0549338829517365
1.0092639803886414
1.0109248888492584
1.040497260093689
0.9942136585712433
1.0014494013786317
1.017983832359314
1.0089681911468507
1.0049250519275665
0.9904566895961762
1.0279444026947022
1.0059593307971955
0.9677017545700073
0.9792231166362763
1.0617469131946564
0.99128178358078
1.0132185697555542
0.9940465366840363
0.9952925503253937
1.0224383354187012
1.041565545797348
0.9642554652690888
0.9656894624233245
1.037244781255722
0.9783851766586303
0.9640254437923431
0.9876673483848571
1.0054602432250976
1.0431039226055145
1.0123577272892
0.9642291855812073
0.9345756292343139
1.0440614783763886
1.0511928069591523
1.0049125778675079
1.0596480894088744
0.9971797883510589
0.9864344954490661
1.0006082117557527
1.0196703064441681
0.973684960603714
1.0139176857471466
0.9782780528068542
0.9824140870571136
1.0407294738292694
0.9839205384254456
1.0177073359489441
0.9725196409225464
1.0407406389713287
1.0554595983028412
0.9801563370227814
0.9922428929805756
1.0626398527622223
1.0591359078884124
0.9939595532417297
1.0486474788188935
1.0414579927921295
1.0151189148426056
0.9619441318511963
0.995391982793808
0.9877764284610748
0.9744751930236817
1.036337891817093
1.0301418936252593
1.000030677318573
1.013839545249939
1.0100458860397339
1.0021743261814118
1.0012254858016967
1.0227649629116058
1.0136262357234955
1.0345997965335847
0.9817927241325378
0.9908311104774475
1.0455009460449218
0.9985984528064727
1.0501095414161683
1.0304232865571976
1.01510515332222
0.9876180446147919
1.0509279084205627
1.0059118568897247
1.0223621773719787
1.0175752878189086
1.005391526222229
0.9741246271133422
1.0439590775966645
1.0310941290855409
1.0003106021881103
1.0209417009353638
1.024322681427002
1.0126839482784271
1.0301863884925841
1.0180960595607758
1.0749893224239349
1.0932220935821533
1.0341456377506255
1.0199136853218078
1.0253739476203918
1.0093413078784943
0.965667769908905
1.043786883354187
1.0001683306694031
0.964428197145462
1.0209536850452423
0.9930078983306885
1.0321949160099029
1.0000261092185974
0.9943650436401367
1.0139245235919951
1.0493530964851379
0.9788328862190246
1.0205392968654632
0.9937187886238098
0.9534869861602783
0.9944389033317566
1.0125517463684082
1.0149487149715424
0.9995434308052062
0.9773375463485717
1.0202009165287018
1.0648800182342528
1.0782707726955414
0.9847818470001221
0.9942927312850952
0.9380025064945221
1.059643018245697
1.0654287588596345
1.077345119714737
1.0209225237369537
1.0214279282093048
1.05069799721241
1.0268518698215485
1.0092476832866668
0.9980603086948395
1.0223814809322358
0.9689967954158782
1.0006404197216034
1.0378894698619843
1.031954894065857
0.9998345708847046
1.0371959912776947
0.9939743852615357
1.0039518916606902
1.0072662961483
1.0034680652618408
1.0483107328414918
0.9558352935314178
1.0487824892997741
0.9979895520210266
0.990521959066391
1.0489326751232146
1.0353167593479156
1.0140793478488923
1.060582845211029
0.97657524228096
0.9742128849029541
0.9844596552848816
0.9671042394638062
1.0249417626857757
1.020377298593521
1.0161216235160828
0.9948377466201782
0.9912742125988007
1.0695330691337586
1.0080374884605408
1.0817410778999328
1.029738005399704
1.0426833140850067
0.9950798869132995
1.000725394487381
1.007526901960373
0.9617683899402618
1.030982254743576
1.0109071254730224
0.9803654003143311
0.9996620428562164
1.0763932216167449
1.0523587095737457
1.0065465235710145
1.0627594423294067
1.0318388235569
0.9826128351688385
1.0733099973201752
1.010142525434494
1.034947338104248
1.0231011259555816
1.0513386154174804
1.0143322372436523
1.0503478968143463
1.0430675613880158
1.0051868224143983
1.0103355729579926
1.0164733815193177
1.0045211482048035
0.9626157867908478
0.9894531738758087
1.0593781292438507
1.049528934955597
1.044663029909134
1.0000049877166748
1.0223246705532074
1.0180449891090393
0.9686028504371643
1.016482321023941
0.9899493622779846
1.0222938859462738
0.9947645568847656
0.980694934129715
1.016071766614914
0.9925096356868743
1.0107623636722565
0.9883184683322906
1.004656491279602
0.9878932893276214
1.0035743665695191
0.9527829432487488
1.0261974370479583
1.0452270436286926
1.0221642768383026
1.0181283128261567
0.9433396911621094
0.9751224279403686
0.9522613883018494
1.0538942193984986
1.0096716320514678
1.0089031410217286
1.0271955811977387
1.018340346813202
0.9725032389163971
1.0144061481952666
0.9890900385379792
1.0008983719348907
1.02764635682106
1.0581324326992034
0.9819062578678132
0.9943106126785278
1.0349896407127381
0.9844125664234161
1.0270788276195526
1.01596134185791
0.9897962319850921
1.0284578502178192
1.0568265235424041
0.9966389656066894
0.9279763758182525
1.0087421286106109
1.0112195670604707
1.0586017787456512
1.0300332975387574
1.026543517112732
1.0053651416301728
1.0109092724323272
1.0133678448200225
0.9782244431972503
1.0167080640792847
0.9896465492248535
0.99033518075943
1.079372112751007
0.9564317667484283
1.0327447080612182
1.0409598469734191
1.062948180437088
1.0621438252925872
1.0969983518123627
1.0199846744537353
1.0044134914875031
1.0495272374153137
1.0205632519721985
1.0039557206630707
0.9935214221477509
0.9350932991504669
1.0759887063503266
0.9742192459106446
1.0230629169940948
0.9995294320583343
0.9782630288600922
1.0312843000888825
1.0392376971244812
1.0074930059909821
1.0443122708797454
1.0335720515251159
1.0820282232761382
1.0472290855646134
1.0379368221759797
1.0030523586273192
1.0241133213043212
1.0240926194190978
1.0272545158863067
1.0271934258937836
0.996955680847168
1.0399550187587738
0.9625803291797638
1.032464691400528
1.0336087501049043
0.9427796447277069
1.0377837479114533
1.001866010427475
0.9869995057582855
1.0215644574165343
1.0000543868541718
1.026687560081482
1.005986738204956
0.9976509177684784
1.0275466561317443
0.9969341123104095
1.0470307350158692
1.0491530036926269
0.9546992015838623
0.9923280680179596
0.9984841191768646
0.9910205841064453
1.0402470076084136
0.9723833560943603
1.037643142938614
0.9921853542327881
1.0422637712955476
1.0007237827777862
0.9655651891231537
1.0737834572792053
1.015032217502594
1.0282681286334991
1.0278221046924592
1.0191632318496704
0.9960974156856537
1.086289314031601
1.0221202898025512
0.9947574508190155
0.9991083240509033
1.0527806198596954
1.2059162878990173
0.9826713871955871
0.9407354032993317
0.951989620923996
0.9540756154060364
0.9521899473667145
1.0042807042598725
0.9667770838737488
0.9353232896327972
0.9736506235599518
1.0183069336414337
1.001113818883896
0.9937083315849304
0.9884908163547516
0.9692281007766723
0.9490466630458831
0.9287415766716003
0.9693754923343658
0.9647751009464264
1.0203477251529693
1.024127287864685
1.0008058476448058
0.9585529613494873
0.9617642951011658
0.9637851274013519
0.9557663166522979
0.8976340317726135
0.966875364780426
0.9593980813026428
0.9975937086343766
0.9961444818973542
0.9254541611671447
0.9702144730091095
1.0207323026657105
0.9356032657623291
0.9667727434635163
1.0167759847640991
0.9889906895160675
1.028557492494583
0.9395410788059234
0.9374817061424255
0.9665318810939789
0.95558398604393
0.9761105787754059
1.0178617680072783
0.9607538771629334
0.9877520358562469
0.9576274120807647
0.9629016375541687
1.0358910524845124
0.9932725441455841
0.9619023478031159
0.9621108114719391
0.9821725797653198
0.9797961902618408
0.9894752371311187
0.9329865503311158
0.9724293506145477
1.0192733192443848
0.9865288364887238
0.9846204435825348
0.9999639487266541
0.9729089272022248
0.9900819504261017
0.9606540918350219
0.9732687640190124
0.9376444554328919
0.9747345542907715
0.9844243824481964
0.9445592272281647
1.016632467508316
0.9605561363697052
0.992568576335907
0.994156563282013
0.9745947527885437
1.04805646777153
1.0045247709751128
0.9660064435005188
0.9772061145305634
0.9694602906703949
1.0137886452674865
0.9362743079662323
0.9662528312206269
0.9718370032310486
0.9687571966648102
0.9615729868412017
0.9222978007793426
0.9797610557079315
1.0109439921379089
0.9989798104763031
0.9955693471431732
0.9663650989532471
0.987823395729065
0.9515069174766541
1.000041478872299
0.992012835741043
0.9852276825904847
0.9911521589756012
1.0067246186733245
0.9707519006729126
0.9487925541400909
0.9501845741271973
0.9958738422393799
0.9316323393583298
0.9320610141754151
0.9309475708007813
0.9931997978687286
1.0065486192703248
1.0230129408836364
0.9547589647769928
0.9916426718235016
1.004470295906067
1.0040378987789154
0.9703375184535981
1.0027011263370513
0.9240603399276733
0.9616330814361572
0.957397712469101
0.9739240884780884
0.949316074848175
0.9727509999275208
0.9596379506587982
0.9349045491218567
0.9673356294631958
0.9643539619445801
0.9592687666416169
0.9960767352581024
0.9395104479789734
1.000318969488144
0.9772833800315857
0.9826199924945831
0.9422024238109589
0.9736937415599823
0.9873012208938599
0.9509738492965698
0.9566223335266113
0.9913302671909332
0.9723817229270935
1.0025621008872987
1.002344366312027
0.9578577935695648
1.005537954568863
0.9724239194393158
0.983411476612091
0.992575535774231
0.9867066049575806
0.978275865316391
1.0132272613048554
0.9671306920051574
0.9273443293571472
0.9877330589294434
0.975054315328598
0.9716613638401032
0.9939947974681854
0.9386199700832367
0.9668582713603974
0.9889029455184937
0.961422929763794
0.9863984143733978
0.9833184230327606
0.9838034892082215
0.9883726632595062
0.928213220834732
0.9159977650642395
1.0226933789253234
0.9952991914749145
0.970072261095047
0.9836048936843872
0.9671025109291077
0.955614402294159
1.0004144823551178
1.012431619167328
0.9523326873779296
0.9584257459640503
0.9621939384937286
1.0025860238075257
0.9509009790420532
0.9830531144142151
