12.392184181213379
12.185542755126953
12.008303298950196
12.207291870117187
11.944498901367188
12.381226863861084
12.099065723419189
11.715188713073731
11.922950344085693
12.039423770904541
11.979770755767822
12.247972373962403
11.821907711029052
11.747891674041748
12.312070541381836
11.88558988571167
11.78021022796631
11.98814416885376
12.207752799987793
11.701478176116943
11.881440505981445
12.165104274749757
12.309203414916992
12.086482276916504
11.956852569580079
12.040345344543457
12.013247203826904
11.887304763793946
12.415395259857178
11.964962310791016
12.057513275146484
12.046774673461915
12.095622348785401
12.04778606414795
11.822608070373535
11.65929292678833
11.945179042816163
12.008714504241944
12.330193862915038
11.966753292083741
11.975610027313232
11.946095657348632
11.854557342529297
11.966186218261718
11.781529426574707
11.623114032745361
11.71184778213501
11.745750007629395
11.858348808288575
11.912905654907227
11.69954710006714
12.224668292999267
11.948581657409669
12.053259372711182
11.950746040344239
11.747128944396973
12.139476146697998
11.822928600311279
11.890407752990722
12.145043277740479
12.028591690063477
11.913907279968262
12.252013568878175
11.397807559967042
11.882267150878906
11.933315505981446
11.923590202331543
11.79857328414917
12.212003364562989
12.130904750823975
11.810591621398926
12.024072132110597
12.141132431030274
12.000775146484376
12.077394390106202
12.064625625610352
11.604770545959473
11.939525299072265
11.82073980331421
11.839411010742188
11.7337064743042
12.169848823547364
11.97715747833252
12.056272411346436
11.972637100219726
11.936928367614746
11.658052425384522
11.823632011413574
11.809589004516601
12.146145915985107
12.03315055847168
12.076575241088868
11.691513767242432
11.819637546539306
12.152905426025391
11.928058166503906
11.971775102615357
11.986446113586426
11.810398483276368
12.136760425567626
11.547377071380616
11.95589303970337
11.749655952453613
12.043604316711425
11.73350845336914
11.925290126800537
11.665553283691406
11.878614311218263
11.539603080749512
11.819733180999755
11.712823982238769
11.684245223999023
11.792571334838867
11.981531238555908
12.186074256896973
11.980152091979981
11.825265102386474
11.872178325653076
11.86789098739624
11.71888011932373
11.899323406219482
11.63276279449463
11.850290851593018
12.041775283813477
11.904697589874267
11.79815378189087
11.983389568328857
11.751622829437256
11.670820426940917
11.760964908599853
11.819791069030762
11.833941440582276
11.702099609375
11.697924995422364
11.879319610595703
11.875980911254883
12.082766933441162
11.631622676849366
11.764727897644043
11.761552715301514
11.819567909240723
11.942675018310547
11.759487133026123
11.787305545806884
11.740601539611816
11.659362888336181
12.083808364868164
11.84103603363037
12.04124937057495
11.949020881652832
11.866882019042968
11.99242946624756
11.806939849853515
12.038696708679199
11.975156688690186
12.42787883758545
11.81304100036621
11.702234745025635
11.813491039276123
12.141119003295898
12.190794639587402
11.861780014038086
11.963924160003662
11.6078311920166
12.45000494003296
12.1317608833313
11.853886528015137
11.835941123962403
11.548512306213379
12.207658424377442
11.836788997650146
11.611531219482423
11.613665695190429
12.070659236907959
11.97236915588379
11.662611179351806
11.7311012840271
11.499967727661133
11.59256446838379
11.629708786010742
11.904215335845947
11.802771892547607
11.968560619354248
11.608575267791748
11.680078639984131
11.669098339080811
12.04981569290161
11.950644092559815
11.613661785125732
12.123710594177247
11.741852226257324
11.596098251342774
11.63263879776001
11.843197021484375
11.926195030212403
11.987814311981202
12.098461589813233
11.815062198638916
11.904341297149658
11.896301498413086
11.80919792175293
11.888472499847412
11.855170421600342
12.0346097946167
11.692902793884278
11.96028242111206
11.994444599151612
12.091714153289795
11.794157066345214
11.616632900238038
11.732198657989501
12.095089511871338
11.889731369018556
11.724558792114259
11.901892070770264
11.734624500274657
11.90671646118164
11.780629405975342
11.697823352813721
12.114165725708007
11.55770170211792
11.858375015258789
11.536937408447265
11.756005935668945
11.906458988189698
11.919935989379884
11.69964735031128
11.60663595199585
11.88489444732666
12.062499580383301
11.84669912338257
11.906072559356689
11.809667072296143
12.020656604766845
11.68010362625122
11.786481628417969
12.032456893920898
11.847855625152588
11.860011405944825
11.860087680816651
11.701393871307372
11.68870584487915
12.096432075500488
12.108337841033936
11.848584938049317
11.783641414642334
11.990482387542725
12.028292808532715
11.83474536895752
11.853749828338623
11.610423107147216
11.924290447235107
11.872657947540283
12.2078733253479
11.76241159439087
11.626961002349853
11.890955410003663
11.603926582336426
12.264213752746581
11.973337364196777
11.991158485412598
11.851510066986084
11.58895004272461
11.91514019012451
11.863363666534424
11.812110061645507
11.932182846069336
11.981345119476318
11.500249137878418
11.89785104751587
11.562990226745605
11.835870532989501
11.719750900268554
11.713270721435547
11.905747375488282
12.127047348022462
11.86392349243164
11.746209163665771
12.162579460144043
11.975689506530761
11.893502807617187
11.72275505065918
11.92216667175293
11.97008249282837
11.712387008666992
11.634056911468505
11.557729816436767
11.920565795898437
11.706666641235351
11.657236709594727
11.578787364959716
11.929638557434082
11.784159469604493
11.795929641723633
11.644608497619629
11.982870273590088
11.812726764678954
11.666414909362793
11.733434028625489
11.955748958587646
11.656894721984862
11.670693531036378
11.727987403869628
11.840099906921386
11.512254695892334
12.204554138183594
11.948619136810303
11.735214405059814
11.614334335327149
11.92488889694214
12.027978267669678
11.838848896026612
12.05308723449707
11.848554039001465
11.777421340942382
11.871021728515625
12.160758266448974
11.875846767425537
11.873247489929199
11.857304077148438
12.017313251495361
11.4890567779541
11.432273044586182
11.854444522857666
11.880043487548829
12.019957351684571
11.870716190338134
11.605132865905762
11.943855724334718
11.977751216888429
11.662140121459961
12.241574726104737
11.926949043273925
11.753502311706542
12.102817707061767
11.808932104110717
11.942723579406739
11.813843040466308
11.930458812713622
11.842328720092773
12.244570255279541
12.124546337127686
11.761349334716797
11.62039436340332
12.112906475067138
11.839166374206544
11.59978952407837
11.866919345855713
12.050925464630128
12.065770454406739
11.97980598449707
11.89249496459961
11.803159828186034
12.14671516418457
11.701644439697265
11.715865173339843
11.668405513763428
11.89193733215332
12.135361385345458
11.92104721069336
11.877550716400146
11.8772039604187
11.898118591308593
11.702274208068848
11.70795352935791
11.941829376220703
11.661174354553223
11.568290157318115
11.862378787994384
11.57957353591919
11.734970989227294
12.00429021835327
11.957103366851806
11.95011890411377
11.957095642089843
11.49660732269287
11.748784637451172
11.57968723297119
12.129527359008788
11.85690393447876
12.090254554748535
11.850798149108886
11.786473712921143
11.953441467285156
11.807612419128418
11.65097541809082
11.940855960845948
11.80881986618042
12.098038902282715
11.965702991485596
11.637750282287598
11.944205417633057
11.939611511230469
11.645678939819335
11.502281074523927
11.912762489318848
11.953754596710205
11.821609840393066
11.775542831420898
11.824964790344238
12.073045482635498
11.726463623046875
11.451267223358155
11.7813450050354
12.047468948364259
11.893481254577637
12.232331371307373
11.958430881500243
11.590761585235596
12.082286968231202
12.146177444458008
12.006698246002196
11.778350143432617
11.514623928070069
11.915286235809326
11.76472734451294
11.638746509552002
11.80662675857544
11.857945652008057
11.976522712707519
11.953468017578125
12.046804122924804
11.83727689743042
11.846547355651856
11.984234447479247
11.475892944335937
11.748565578460694
11.61290735244751
11.832684535980224
11.890489997863769
11.943262882232666
11.825647392272948
11.917257328033447
11.836666526794433
11.89190013885498
11.977106704711915
11.62839729309082
11.929581451416016
12.12526351928711
11.889282131195069
12.124175300598145
12.019787521362305
11.823385047912598
11.765607166290284
11.813196887969971
11.69748285293579
11.895170421600342
11.82939769744873
11.851679496765136
11.706638412475586
11.937602882385255
11.738807334899903
11.7167462348938
12.091297512054444
11.784125785827637
11.915295810699464
11.839677448272704
11.96054832458496
11.836071453094483
11.931374740600585
11.412660999298096
11.870964660644532
11.86826669692993
11.965503654479981
11.869860515594482
11.933355350494384
11.835133152008057
11.554115028381348
11.92573003768921
11.705543975830079
11.840260391235352
11.620060977935792
11.907313861846923
11.717407836914063
11.811983203887939
11.675168533325195
11.987213878631591
11.909406127929687
11.668857288360595
11.863331317901611
11.895746288299561
11.794951114654541
11.721015033721924
11.874855003356934
11.69505714416504
11.775293674468994
11.85073040008545
11.538814601898194
11.675675086975097
11.888017082214356
11.621896896362305
11.93365249633789
11.829916591644286
11.813839836120605
11.97441593170166
11.945495738983155
12.002129020690917
11.831193408966065
12.045363597869873
12.060574989318848
11.916086521148681
11.695744457244873
11.738211402893066
11.812727947235107
11.812743453979492
11.712036304473877
11.76786012649536
11.570465583801269
11.747209548950195
11.803051948547363
11.510604972839355
11.639956951141357
12.241474227905274
11.593095054626465
11.959211463928222
11.709711990356446
11.772807350158692
11.552642040252685
11.932493572235108
11.889452381134033
11.890098991394042
11.931808528900147
12.082070922851562
11.401045188903808
11.867724456787109
11.678291835784911
11.770549106597901
12.071671466827393
11.600898838043213
11.973448657989502
11.812863636016846
11.640889701843262
11.991471405029296
11.833872299194336
11.589242305755615
11.6529109954834
11.89948579788208
11.816347732543946
11.88745065689087
11.876270160675048
11.912051258087159
11.82099853515625
11.804310760498048
11.854702968597412
12.08634370803833
11.6201003074646
11.528901672363281
12.0515260887146
11.983323669433593
11.844964580535889
11.777467517852783
11.859741916656494
11.746086120605469
11.926127395629884
11.865382461547851
11.935912322998046
11.686888256072997
12.035082607269286
11.908701591491699
11.540599098205567
11.596880416870118
11.975366954803468
11.887583885192871
11.706826972961426
11.561951866149903
11.584917068481445
11.45070671081543
11.78832269668579
11.74347017288208
12.066680603027343
11.809749202728272
11.633518695831299
11.731715755462647
11.76207483291626
11.752116489410401
11.604490604400635
11.668498668670654
12.098331832885743
11.871375045776368
11.967775764465332
11.702064189910889
11.79695156097412
12.03871437072754
12.070334930419921
12.039380073547363
12.195619792938233
11.952538013458252
11.8963743019104
11.582235622406007
11.826406536102295
11.886260166168213
11.906638927459717
11.919639148712157
11.887039737701416
11.774998207092285
11.697475280761719
12.194378490447997
11.784915704727172
12.300585975646973
11.93710247039795
11.9643874168396
12.011634712219239
11.781699409484863
11.957499542236327
11.87548843383789
11.931651439666748
11.566221103668212
11.74249563217163
12.116561813354492
12.17429500579834
11.829131298065185
11.735960693359376
11.812674465179443
11.914519996643067
11.660305709838868
11.755066871643066
11.787108573913574
11.638690223693848
12.045216541290284
11.93674139022827
11.75656744003296
11.72433542251587
11.86877758026123
12.047641849517822
12.127457809448241
11.992358436584473
11.764015312194823
11.860930328369141
11.802938404083251
11.445677700042724
11.992495708465576
11.72448522567749
12.020818939208985
11.59620454788208
11.800599575042725
11.7670756149292
11.907048892974853
12.078557643890381
11.711657676696777
11.954267978668213
11.947423496246337
12.085054779052735
11.787528800964356
11.950553970336914
11.922259731292725
11.630242195129394
12.044545822143554
11.84738624572754
11.516261081695557
11.5031427192688
12.226906051635742
11.616942329406738
11.578789329528808
11.94533395767212
11.75827642440796
11.910301609039307
11.694412803649902
11.814001140594483
11.92776668548584
11.723102970123291
12.088699741363525
12.168464202880859
11.730210781097412
11.78495527267456
12.028510265350342
12.100673732757569
11.902562007904052
12.41003547668457
11.717391300201417
11.558057613372803
11.676770763397217
11.883565425872803
11.789235134124755
11.67337697982788
11.757269649505615
11.850372619628907
12.033820266723632
12.040236930847168
12.175996189117432
11.92984966278076
11.926503620147706
11.977818145751954
12.04367078781128
11.916445636749268
11.886086463928223
11.758510036468506
11.717584409713744
12.018479862213134
11.568329467773438
11.772249336242675
11.90350061416626
11.533340702056885
11.816208209991455
11.893432712554931
12.008229675292968
11.798160438537598
11.937175884246827
11.894511108398438
11.715897960662842
12.160631198883056
11.849054660797119
11.918750514984131
11.938373527526856
11.593263320922851
11.911624851226806
12.031013698577881
11.958171291351318
12.148371543884277
11.837825603485108
11.822241096496581
11.793790493011475
11.952232666015625
11.613354148864746
12.108482284545898
12.027490673065186
11.49301908493042
11.699275970458984
11.943263931274414
11.636559810638428
11.778863105773926
11.97138038635254
11.672856693267823
11.677497253417968
12.060386924743652
11.480134887695312
12.124752655029297
12.201771850585937
11.881709156036377
11.678342838287353
12.073832511901855
11.874542026519775
11.794435501098633
11.929286632537842
11.917635059356689
12.116165809631347
11.768006649017334
11.634772129058838
11.673932723999023
11.903453197479248
11.780786380767822
11.694707889556884
12.070905933380127
11.758161106109618
11.63348997116089
12.124439067840576
11.887127208709718
12.124939136505127
12.08545238494873
12.185605087280273
11.891787166595458
11.629385967254638
11.751232929229737
12.038308658599853
11.406748714447021
11.629651737213134
11.870058040618897
12.03073989868164
12.018189353942871
11.751598978042603
11.871675758361816
11.649466094970704
12.024766998291016
11.910596771240234
11.904564819335938
11.761304435729981
11.719813899993897
11.905873584747315
12.032827701568603
11.694795150756836
11.684646396636962
11.87666576385498
12.262346229553224
12.115318641662597
12.000618762969971
11.617435855865478
12.041596965789795
11.804425239562988
11.919954433441163
11.940905799865723
12.065535125732422
11.87962308883667
11.829692039489746
11.632155742645264
12.114247608184815
11.881777687072754
12.301424694061279
11.600813465118408
11.782629661560058
11.546661949157714
11.631181812286377
11.764319591522217
11.860843086242676
11.76549524307251
11.894289627075196
11.538070983886719
11.910141639709472
11.755948238372802
11.610929107666015
11.813270244598389
11.895404949188233
11.910869140625
11.79970708847046
11.364025268554688
11.98005693435669
12.021986923217774
11.71511869430542
12.187677764892578
11.671486949920654
11.615257968902588
12.044938888549805
11.77343231201172
11.723079586029053
11.768883228302002
11.57550054550171
11.927737617492676
12.025518531799316
11.806453685760498
11.952674541473389
12.079780902862549
11.872264099121093
11.91304500579834
11.914774589538574
11.874489307403564
11.771996784210206
11.934071102142333
11.750609436035155
11.846479816436768
11.799850330352783
11.614879808425904
12.222710266113282
11.932421836853027
11.576724681854248
12.151088008880615
12.18355266571045
11.929377174377441
11.757980976104736
11.65586841583252
11.97070016860962
11.96317283630371
11.880407047271728
11.488801860809327
11.850608539581298
11.749474506378174
12.021599311828613
11.947139987945556
11.7232674407959
12.044578113555907
11.746763610839844
11.817700214385987
11.699485778808594
12.146746673583984
11.78487995147705
11.871522102355957
11.67935152053833
11.728421840667725
11.749323215484619
11.871378211975097
11.913357849121093
11.7269144821167
11.95637544631958
11.835180740356446
12.116823387145995
11.771918926239014
12.03521963119507
11.902633571624756
11.871039733886718
11.68876431465149
11.924888877868652
11.998045730590821
11.748271617889404
11.771821136474609
12.148598155975343
11.966102695465088
11.661997966766357
11.722157936096192
12.15964719772339
12.056346092224121
12.022445602416992
11.694093551635742
11.705994472503662
11.955066242218017
12.100546836853027
11.87712490081787
12.033265705108642
11.874873237609863
11.867658882141113
12.032688579559327
11.86441864013672
11.853085994720459
11.857714405059815
11.565536308288575
11.755842294692993
11.776248264312745
11.973558616638183
11.905270042419433
11.831629524230957
11.92947135925293
11.852817153930664
11.77869930267334
11.699645671844483
11.799863719940186
11.876900062561035
11.898278198242188
11.690732326507568
11.949343738555909
11.878704872131348
11.962228393554687
11.94960199356079
12.029318065643311
12.006128845214844
12.059422283172607
11.59888053894043
11.61952314376831
11.538488082885742
11.748813858032227
11.747847995758057
11.666600475311279
11.638457984924317
11.707201042175292
11.640080127716065
11.675547676086426
11.638351249694825
11.751552104949951
11.717376766204834
11.63227439880371
11.320907821655274
11.598644180297851
11.713070278167725
11.836927261352539
11.552682914733886
12.0067586517334
11.92552755355835
11.744752712249756
11.70101574897766
11.997075538635254
11.81547378540039
11.609392375946046
11.575406379699707
11.894768486022949
11.655576076507568
11.921262779235839
11.773643188476562
11.633409576416016
11.669993476867676
11.672725048065185
11.813515243530274
11.634491271972657
12.015065803527833
11.835967273712159
11.813110485076905
11.956592617034913
11.948467254638672
12.017754821777343
11.95270586013794
11.88462272644043
11.652150688171387
12.033527812957765
11.79670846939087
11.643815002441407
11.544806709289551
11.888205604553223
11.976605434417724
11.820207042694092
11.542371578216553
11.809290142059327
11.968521041870117
11.688585586547852
11.83522668838501
11.895680961608887
11.927925872802735
11.755861854553222
11.736604022979737
11.85402545928955
11.861000251770019
11.806701774597167
11.64807918548584
11.84215280532837
11.47440149307251
11.849467029571533
11.990998516082763
11.676872482299805
11.907665538787843
11.97987850189209
12.148701210021972
11.662040481567383
11.696631526947021
11.937202739715577
11.884970417022705
11.64388900756836
11.964333324432372
11.80243221282959
11.760578880310058
11.63243495941162
11.697386150360108
11.85277660369873
12.019037647247314
11.914990310668946
11.602863292694092
11.753498840332032
11.930472297668457
11.866347732543945
11.79852954864502
11.689111557006836
11.787423496246339
11.904329929351807
11.825873031616212
11.615139694213868
11.773997764587403
11.67500880241394
11.940371932983398
11.989720821380615
11.90153688430786
11.778579730987548
11.897320156097413
11.933520603179932
12.034831066131591
11.398446083068848
11.916984405517578
11.814751167297363
11.88709264755249
14.480820770263671
12.114985752105714
11.975920276641846
11.822425594329834
11.924536113739014
11.582295303344727
12.052935333251954
11.986749229431153
11.985719242095946
12.096291370391846
11.847879047393798
11.581947612762452
11.721554965972901
11.74336793899536
11.982302742004395
11.788122825622558
11.666555480957031
11.853419017791747
11.759409980773926
12.08266342163086
11.620228443145752
11.794588584899902
12.048985977172851
11.842781925201416
11.668450508117676
11.960979290008545
11.814497985839843
11.831939907073975
11.826632595062256
11.437420558929443
11.784849376678467
12.063387393951416
11.358055648803711
11.675990123748779
11.887000102996826
11.85177822113037
12.046995391845703
11.994413986206055
11.787459373474121
11.578795223236083
11.998083190917969
11.678236598968505
12.317363147735596
11.9181205368042
11.731739730834962
11.614402523040772
11.852946071624755
11.98270694732666
11.766180801391602
12.005021152496338
11.600870132446289
11.846228923797607
11.925052604675294
11.876745624542236
11.504961280822753
11.74236005783081
11.5817364692688
11.705241298675537
11.924044380187988
11.654869480133057
11.88534242630005
11.974130344390868
11.786334018707276
12.04697690963745
11.530011577606201
11.73132272720337
11.954633598327638
11.839710083007812
11.768851852416992
11.787012157440186
11.948382835388184
11.636932125091553
11.741779918670654
11.641443500518799
11.833232765197755
11.986635189056397
11.990812702178955
11.75883306503296
11.98791509628296
11.690343837738038
11.595667037963867
11.907678890228272
11.852699794769286
12.029319381713867
11.750973358154297
11.87451166152954
11.764842929840087
12.118249206542968
11.545076446533203
11.817862091064454
11.711693420410157
11.627685260772704
11.911911144256592
11.754221515655518
11.900873374938964
12.039234886169433
11.97296007156372
11.73843090057373
11.91069200515747
11.973733367919921
12.11415906906128
11.838059635162354
11.691323490142823
11.593269290924072
12.26358497619629
11.689244575500489
11.751657447814942
11.844499969482422
11.789359836578369
11.569624576568604
11.736115455627441
11.742293910980225
12.012832221984864
11.588176383972169
11.775480518341064
11.848168277740479
11.630836925506593
11.732752876281738
12.029715404510497
11.689545440673829
11.80468698501587
12.01901216506958
11.872649574279786
12.049774208068847
11.87536750793457
11.73366735458374
11.909188899993897
12.132913055419921
11.846025791168213
11.743651962280273
11.92940710067749
12.069158554077148
11.816916427612306
11.756775264739991
11.705565509796143
11.606630630493164
11.492638187408447
11.633911533355713
11.677028942108155
11.995216598510742
11.641366138458253
12.220860900878906
11.686085147857666
11.818335876464843
11.626913414001464
11.663878211975097
11.620343494415284
11.764272956848144
11.97804973602295
11.473716564178467
11.784224853515624
11.842465610504151
11.932210845947266
11.794260158538819
11.846795425415038
11.894597759246826
11.651725101470948
11.725500011444092
11.893800792694092
11.594279384613037
11.693435516357422
11.948691120147705
11.662657489776612
11.730721740722656
11.941670131683349
11.904539527893066
11.653455276489257
11.828906936645508
11.791255226135254
12.021896896362305
11.625888938903808
11.949755802154542
11.852267112731933
12.07463586807251
11.714421043395996
11.700148124694824
11.679314861297607
12.06770664215088
11.693268013000488
11.754702129364013
11.738216934204102
11.937482280731201
12.131642265319824
11.753662796020508
11.69285617828369
11.739675788879394
11.866473274230957
11.949995212554931
11.575621490478516
11.84095941543579
12.043182315826416
12.090010948181153
11.878278789520264
12.038477783203126
11.715439414978027
11.746709537506103
11.89958553314209
12.062464485168457
12.14094373703003
11.863360633850098
11.78170352935791
11.765396747589111
11.932564811706543
12.06099266052246
11.732674350738526
11.795369853973389
11.989975986480713
11.692279052734374
11.915828514099122
11.82742769241333
11.588793716430665
11.798671550750733
12.02893388748169
11.709670524597168
11.6407857131958
11.938800067901612
11.90242826461792
11.840999851226806
12.207822704315186
11.806065082550049
11.592890510559082
11.769380226135254
11.575531616210938
11.636215324401855
11.76354404449463
11.981879463195801
11.590291996002197
11.776791133880614
11.655931453704834
12.002740879058837
12.072199096679688
11.924402236938477
11.741814632415771
11.760315113067627
11.99925998687744
11.94106840133667
11.816370334625244
11.852605743408203
11.955774898529052
11.539703865051269
12.089165306091308
11.53983205795288
11.784609527587891
11.678721046447754
11.648496589660645
11.913138732910156
11.871112461090087
11.789323081970215
11.701825714111328
11.586640930175781
11.858814086914062
11.736788749694824
11.741547126770019
12.166313228607178
11.537729053497314
11.841966934204102
11.906292839050293
11.888843154907226
11.840839538574219
11.9369069480896
11.749747161865235
11.750793914794922
11.889247875213623
11.697824840545655
11.756899127960205
12.202035675048828
11.73792444229126
11.559249153137207
11.90376636505127
11.593293323516846
11.94965721130371
11.879772415161133
11.825720691680909
11.624927406311036
11.688507633209229
11.864345722198486
11.851997299194336
11.957124004364013
12.064147624969483
11.840324897766113
11.88408088684082
11.815182666778565
11.862665519714355
11.708202018737794
11.881703281402588
11.589652061462402
11.861534633636474
11.68293176651001
11.663775634765624
11.922435798645019
11.66958890914917
11.797012310028077
11.86768087387085
11.59788200378418
11.555614852905274
11.907913990020752
11.796212406158448
11.819313907623291
11.688834037780762
11.481155319213867
11.896544532775879
11.74063362121582
11.75407684326172
11.989550189971924
11.970242986679077
11.513441772460938
11.74971549987793
11.927037906646728
11.939718475341797
11.97406099319458
11.836642246246338
11.845398254394532
11.854066028594971
12.054098930358887
11.830986309051514
12.126733875274658
11.99797534942627
11.906532039642334
11.734325790405274
11.725953292846679
12.083834285736083
11.693612327575684
11.751912384033202
11.743752326965332
11.635184745788575
11.85379472732544
11.762542533874512
12.201875648498536
11.756677379608155
11.65089973449707
11.86848207473755
11.603746814727783
11.612930545806885
11.751812877655029
11.803960418701172
11.680083026885987
11.585750408172608
11.850968608856201
11.56309555053711
11.943523654937744
11.64099557876587
11.8615327835083
11.719350490570069
11.732162952423096
11.851451568603515
11.69796012878418
11.893715763092041
11.943932647705077
11.685583629608153
11.894552555084228
11.826160640716553
11.930808639526367
11.71416799545288
12.029664726257325
11.869238052368164
11.658557929992675
11.721906700134276
11.983986091613769
11.784671688079834
11.74167163848877
11.986523704528809
11.582698936462402
11.420499973297119
11.773089485168457
11.80641939163208
12.111653842926025
11.924182682037353
11.991754474639892
11.98312005996704
11.875296688079834
11.60217269897461
12.037124519348145
11.799224376678467
11.72926206588745
11.584699573516845
11.695139064788819
11.676313552856445
11.946743259429931
11.762438945770263
11.9308522605896
11.748581924438476
12.056598052978515
11.850398197174073
11.511001605987548
11.914198017120361
11.865081024169921
11.828294849395752
11.884023551940919
11.981905498504638
12.119342708587647
11.874809761047363
11.632313270568847
11.595152263641358
11.651530494689942
11.818970012664796
11.7420339012146
11.970032291412354
11.858607044219971
11.972407703399659
11.730112380981446
11.770037574768066
12.084369297027587
11.778194923400878
11.961266613006591
11.951645107269288
11.864205131530762
11.776954879760742
11.81537618637085
11.955559349060058
11.673455114364623
11.6478226852417
11.744426460266114
12.111000308990478
11.933296394348144
11.897869091033936
11.760563869476318
11.929573068618774
11.769652423858643
11.828154487609863
11.769116458892823
11.989758567810059
11.766022186279297
11.579746074676514
11.853612899780273
11.83839277267456
11.656166954040527
11.629538116455079
12.038791408538819
11.575085220336915
11.823084144592285
11.986387958526612
11.426937999725341
11.83990140914917
11.496804847717286
11.839948654174805
11.950921077728271
11.750792999267578
11.790498332977295
11.722252101898194
11.700105476379395
11.672842960357666
12.026865272521972
11.834430904388428
11.88797082901001
11.958561382293702
11.725087223052979
11.86538486480713
11.97507396697998
11.828708171844482
11.657432174682617
11.73382484436035
11.89832151412964
11.851282062530517
11.835932693481446
11.899437351226807
11.859833507537841
11.682637767791748
11.969875030517578
11.91134931564331
11.72680139541626
11.837149410247802
12.080295181274414
11.637673988342286
11.791802024841308
11.752950420379639
11.961102409362793
12.044231033325195
11.984431114196777
11.74059621810913
11.70624002456665
11.953204555511475
11.606498069763184
11.840760669708253
12.169393997192383
11.933105430603028
11.672083816528321
11.762218799591064
11.697113132476806
11.929571838378907
11.945952682495117
12.01681728363037
11.750790424346924
11.940805149078368
11.933830966949463
12.066768856048585
11.77287685394287
11.699310150146484
11.931815299987793
11.830535659790039
11.792985420227051
11.683350296020508
11.880259609222412
11.695349216461182
11.961982841491698
11.894009323120118
12.210677032470704
11.833237895965576
11.828676567077636
11.767988929748535
11.619638919830322
11.660740013122558
11.645954055786133
11.699092464447022
11.721636104583741
11.900930404663086
11.803431262969971
11.891050987243652
11.839000244140625
12.068334560394288
12.263301258087159
11.887146186828613
11.538436183929443
11.388449974060059
11.997182521820069
11.856133098602294
12.060054454803467
11.81912591934204
11.734428291320802
11.649520931243897
11.66984712600708
11.80328218460083
11.681719570159911
11.947432346343994
11.559943523406982
11.608491172790528
11.787622165679931
11.761154918670654
12.174301967620849
12.051332035064696
11.761478691101074
11.667985973358155
11.816529788970946
11.88571538925171
11.548525218963624
11.793883152008057
11.621343441009522
11.745898780822754
11.97702018737793
12.018860683441162
11.725607204437257
11.775203113555909
12.022854862213135
11.761742420196533
11.604732990264893
11.976160011291505
11.660492477416993
11.779985332489014
11.773146686553956
12.036565189361573
11.954788913726807
11.676425952911377
11.71229061126709
11.61056505203247
11.692185020446777
11.862704086303712
11.755798969268799
11.650338344573974
12.023438205718994
11.864871807098389
11.680561752319337
11.606645774841308
11.804567680358886
11.853631439208984
11.513680782318115
11.82008113861084
11.815373477935792
11.790524425506591
11.952049007415772
11.756014156341553
11.979696273803711
11.597053775787353
12.162462463378906
11.67938455581665
11.585109739303588
12.064294261932373
11.970697631835938
11.848477230072021
11.649974269866943
11.948298721313476
11.778144702911376
12.100873432159425
11.706336002349854
12.057044219970702
11.7359352684021
11.763953971862794
12.061326732635498
11.768812561035157
11.707590789794923
11.712674388885498
11.660124702453613
11.754861888885499
11.541013221740723
11.559570636749267
11.825091705322265
11.666781749725342
11.719875030517578
11.94864595413208
11.74758243560791
11.856831531524659
11.721298942565918
11.487719650268554
11.399283084869385
11.651390037536622
11.783932876586913
11.713170967102052
11.631297855377197
11.881397171020508
11.947937755584716
11.660027332305908
11.479063758850097
11.68225492477417
11.808754291534424
11.939218997955322
11.961201438903808
11.851238307952881
11.651426105499267
11.745718879699707
11.657275123596191
11.648070335388184
11.821138153076172
11.794834499359132
11.801015548706054
11.74022424697876
11.720437698364258
11.939560737609863
11.884923706054687
11.95046012878418
11.87027774810791
11.791686992645264
11.569214267730713
11.73151008605957
11.915825881958007
12.04079252243042
11.80460205078125
12.018529453277587
12.010436630249023
11.849946136474609
11.834966373443603
11.946334342956543
11.558305110931396
12.024880180358887
11.69864912033081
11.62318775177002
11.643365955352783
11.54614652633667
11.847953853607178
11.972465000152589
11.839636821746826
11.840519142150878
11.642102165222168
12.006834545135497
11.522257308959961
11.836589488983154
11.845865821838379
11.81689884185791
11.48368703842163
11.619732837677002
11.813547592163086
11.642783069610596
11.492982769012452
11.838962306976319
11.934195709228515
11.549578380584716
11.8028515625
11.81088689804077
11.658696308135987
11.879806156158446
12.146557426452636
11.659999351501465
11.967224826812744
11.748422374725342
11.656106605529786
11.817167358398438
11.76918134689331
11.790014476776124
11.828720226287842
11.541067485809327
11.687979011535644
11.775606594085694
11.808713321685792
11.90952886581421
12.066563110351563
11.757932662963867
11.858611717224122
11.856075382232666
11.854973812103271
11.820743598937987
11.556799869537354
11.787917766571045
11.888214626312255
11.829428539276122
11.842616004943848
12.049660568237305
11.690411567687988
11.858430862426758
11.586248226165772
12.071433448791504
11.913395328521728
11.68766170501709
12.149402389526367
11.954714851379395
11.73503101348877
11.875401515960693
11.577107677459717
11.829746208190919
11.672654285430909
11.565357456207275
11.6738480758667
11.679078769683837
11.69536231994629
11.85594331741333
12.01158327102661
11.569059238433837
11.69958667755127
11.866900024414063
11.853088092803954
12.06471887588501
11.649936141967773
11.7722599029541
11.818205718994141
11.727823505401611
11.905056266784667
11.799445190429687
11.69723014831543
11.68281520843506
11.742945079803468
11.964759674072265
12.06782257080078
11.678308277130126
11.842669868469239
12.032988090515136
11.680390548706054
11.909144020080566
11.859273796081544
11.830119190216065
11.942740802764893
11.967326011657715
11.827750988006592
11.88426544189453
11.605017948150635
11.688011112213134
11.729342393875122
11.459053564071656
11.66657070159912
11.790086116790771
11.916659412384034
11.838248023986816
11.462766189575195
11.65027135848999
11.859739017486572
12.264919700622558
11.666512699127198
11.699650535583496
11.812321338653565
11.820374412536621
11.548360481262208
12.022303161621094
11.891742115020753
11.813591747283935
11.957420978546143
11.683837966918945
11.883661346435547
11.925894298553466
11.720978031158447
11.778424797058106
11.934732208251953
12.00985876083374
11.854329586029053
11.764282264709472
11.778777351379395
11.856932735443115
12.100164222717286
11.879600219726562
11.809150066375732
11.870210189819336
11.858784561157227
11.788461170196534
11.948791732788086
11.617502861022949
11.532187099456786
11.816171226501465
11.659824771881103
11.925147819519044
11.930504550933838
11.824244327545166
11.77433376312256
11.684255981445313
11.780939846038818
11.986047458648681
11.713999881744385
11.916089248657226
11.837237491607667
11.88289789199829
11.596430759429932
11.775803394317627
11.72454137802124
11.965869760513305
12.104445037841797
11.699667224884033
11.58120590209961
11.76949640274048
11.802646217346192
11.906197528839112
11.601700687408448
11.824529075622559
11.827178611755372
11.756798133850097
11.692226066589356
11.598023548126221
11.68611171722412
12.098698616027832
11.782520275115967
11.8661967086792
12.022892417907714
11.896325187683106
11.838530826568604
11.774879913330079
11.495547189712525
11.735366706848145
11.730434856414796
11.511317672729492
11.482184581756592
11.979977817535401
11.628279247283935
11.554096107482911
11.792003688812256
11.834015712738037
11.912644157409668
11.908235645294189
11.704187641143799
11.696594829559325
12.085381393432618
11.97825532913208
11.877509174346924
11.675360736846924
12.028588752746582
12.006158771514892
11.504684944152832
11.923928890228272
11.608039150238037
12.22831895828247
11.575354118347168
11.703288192749023
11.802571964263915
11.783711433410645
11.79657501220703
12.061700935363769
12.009596710205079
11.802791137695312
11.77520673751831
11.737655792236328
11.7716912651062
11.896667556762695
11.758113975524902
11.752395057678223
11.732346096038818
12.154228591918946
12.155639305114747
11.785000648498535
11.869912567138671
12.10754072189331
11.415532188415527
11.771530075073242
11.6438352394104
12.262064990997315
11.73998164176941
12.03133638381958
11.924057655334472
11.961436538696288
11.780619068145752
11.936925621032715
11.815379600524903
11.645484161376952
11.636984615325927
11.774646530151367
11.685917911529542
11.876596927642822
11.583855171203613
11.677774677276611
11.816683559417724
11.960243167877197
11.73031795501709
11.855790996551514
11.850680770874023
11.747845573425293
11.646386451721192
11.944184226989746
11.687701606750489
11.960641822814942
11.795289669036865
11.64106101989746
11.644433174133301
11.833120460510253
11.807568836212159
12.11085865020752
11.952782459259033
11.719116649627686
11.907593955993653
12.076390209197998
11.635708351135253
11.306713008880616
11.962220439910888
11.767767486572266
11.519751262664794
11.78389226913452
11.79939655303955
11.88614933013916
11.720968456268311
11.689983367919922
11.815861949920654
11.723310127258301
11.622435035705566
11.883084106445313
11.863034133911134
11.872558460235595
11.693138675689697
11.637254180908203
11.95925230026245
11.72108741760254
11.807976303100586
11.882862300872803
11.887431945800781
11.839399375915526
11.703231477737427
11.81300609588623
11.723519134521485
11.84871524810791
11.748824710845946
11.991552619934081
11.757376308441161
11.959517211914063
11.717403106689453
11.933597888946533
11.911506423950195
11.716294250488282
11.978790378570556
11.624184913635254
11.936754322052002
11.916913013458252
11.70263032913208
12.06431173324585
12.016320095062255
11.89452262878418
11.831838607788086
11.78087501525879
11.860594482421876
12.054397487640381
11.80766716003418
11.540105953216553
12.04615068435669
11.569861030578613
11.836816825866698
12.132333908081055
11.826383094787598
11.814853744506836
12.021284103393555
11.802156238555908
11.792143459320068
11.9442502784729
11.744763526916504
11.701572113037109
11.930782527923585
11.829434394836426
11.587595653533935
11.872587146759033
11.649719066619873
11.873882408142089
11.629770908355713
11.875978469848633
11.98675968170166
11.857177124023437
11.968974647521973
11.856932735443115
11.986514358520507
11.895656967163086
11.661784572601318
11.871875457763672
11.860103816986085
11.728038825988769
11.872819213867187
11.779797515869141
11.753024997711181
12.064551677703857
11.671722660064697
11.713190002441406
11.705852737426758
11.274275779724121
11.873878364562989
11.621707534790039
11.722522926330566
11.76373960494995
11.948839073181153
11.677836380004884
11.629233894348145
11.67469799041748
11.974727115631104
11.816226272583007
11.580412559509277
11.752504348754883
11.624283695220948
11.71669958114624
11.744162845611573
11.689216766357422
11.663103199005127
11.570039443969726
11.377785396575927
11.932586040496826
11.882955760955811
11.829174213409424
11.820970077514648
11.754378623962403
11.658119602203369
11.746084403991699
11.834137344360352
11.888235683441161
11.900358238220214
11.792320556640625
11.874357280731202
11.600155143737792
12.025486965179443
14.082617111206055
11.751829681396485
12.068430500030518
11.946058712005616
11.91349946975708
12.081786937713623
11.96666151046753
11.633393115997315
11.84457576751709
11.710104255676269
11.584377460479736
11.885831832885742
11.797356185913086
11.823242225646972
11.843140735626221
11.774506511688232
12.116727123260498
11.908770580291748
11.652761058807373
11.98207649230957
11.709173049926758
11.899303817749024
11.841951656341553
11.67489040374756
11.323000354766846
11.823014049530029
11.953970432281494
12.107885875701903
11.766113510131836
12.05500400543213
11.658688278198243
11.635572299957275
11.761365585327148
11.50499912261963
11.915489177703858
11.885775623321534
11.341944065093994
11.743184127807616
11.9539937210083
11.609434432983399
11.870334606170655
11.939188652038574
11.530520668029785
11.837805595397949
11.723025760650636
11.489250793457032
11.636814441680908
11.637202911376953
11.81066089630127
11.594606647491455
11.74226495742798
11.912762718200684
11.975568885803222
12.174474411010742
11.735763931274414
12.087517757415771
11.779110565185547
11.96167568206787
11.656827335357667
11.690639991760253
11.737838497161865
11.726426010131837
11.910022048950195
11.511074638366699
11.627209587097168
11.63358491897583
11.395683155059814
11.932416496276856
11.732482738494873
11.779836845397949
11.752445278167725
11.697498359680175
12.083232135772706
11.816737880706787
11.720513610839843
11.75559076309204
11.779248065948487
11.825228843688965
11.6943510055542
11.647146968841552
11.795598411560059
11.788305892944337
11.966659774780274
11.89719976425171
11.782684898376464
11.634180526733399
11.769903450012206
11.704183235168458
11.674742431640626
11.655484104156494
11.902065124511719
11.814635028839112
11.584489212036132
11.682377452850341
11.60773624420166
11.810105514526366
11.775740642547607
11.920163345336913
12.020876903533935
11.864103469848633
11.758700122833252
11.712454738616943
11.7506595993042
11.782982139587402
11.89932954788208
12.016776790618897
11.850538215637208
11.733348445892334
11.71601894378662
11.800810604095458
11.657429008483886
11.868880710601807
11.805545406341553
11.797536945343017
12.027874908447266
11.70829746246338
11.781217365264892
11.631616744995117
12.029043579101563
12.062617263793946
11.526869964599609
11.90360034942627
11.594091892242432
11.727356338500977
11.660972080230714
11.734210138320924
11.87209508895874
11.608002662658691
11.691095218658447
11.820344104766846
11.56772424697876
11.740817031860352
11.8909419631958
11.762462940216064
11.67819019317627
11.835459423065185
11.626366119384766
11.909329223632813
11.862895450592042
11.923081169128418
11.623913040161133
11.811180877685548
11.802064228057862
12.040344123840333
11.817918090820312
11.839368476867676
11.650383644104004
11.615288619995118
11.95382884979248
11.715361995697021
11.873803806304931
12.023947772979737
11.891902351379395
11.722560482025147
11.762224674224854
11.68054859161377
11.821032676696777
11.95288969039917
11.919740447998047
11.82964735031128
11.612320823669434
11.684537734985351
11.842780628204345
11.903388671875
11.545330123901367
11.662025299072265
11.51102647781372
11.57106367111206
11.86739580154419
11.68930778503418
11.642569599151612
11.897354583740235
11.997339000701905
11.740284976959229
11.83543592453003
12.048115425109863
11.637200164794923
12.07579828262329
11.43125587463379
12.067538051605224
11.826988010406494
11.502386093139648
12.12517951965332
11.788887519836425
12.044541473388671
11.542798557281493
12.047404136657715
11.692945251464844
11.603003196716308
12.011412715911865
11.73829776763916
11.915439834594727
11.884771938323974
11.685535526275634
11.971982669830322
11.977855262756348
11.60612205505371
11.626594123840333
11.625862426757813
11.817606887817384
11.38115493774414
11.620157585144042
12.1216796875
11.623519649505615
11.671944484710693
12.006845741271972
11.830544338226318
11.984445514678955
11.822525787353516
11.790986289978028
11.778102283477784
11.813372821807862
11.709822120666503
11.69821907043457
11.853101711273194
11.542871379852295
11.568435230255126
11.97942668914795
12.03688735961914
11.625980911254883
11.781883220672608
11.841555576324463
11.723550510406493
11.954829349517823
11.792580337524415
11.688008937835694
11.682635383605957
11.73087869644165
11.818347911834717
11.798997554779053
11.752097778320312
11.626702747344972
11.720845718383789
11.776491222381592
11.702850494384766
11.92189275741577
11.873256645202638
11.681971435546876
11.959175548553468
11.615184078216553
11.48317205429077
11.424431037902831
11.814253826141357
12.102589988708496
11.634863891601562
11.43111759185791
11.83653242111206
11.705373649597169
12.051687355041503
11.975641231536866
11.790341205596924
12.160655994415283
11.738792266845703
12.10417308807373
11.791936511993407
11.590424976348878
11.59909574508667
11.583462829589843
11.488665180206299
12.224110622406005
11.566621761322022
11.755400352478027
11.491242752075195
11.642871294021607
11.902483558654785
11.701099758148194
11.572232189178466
11.960478115081788
11.63948263168335
11.599521083831787
11.983764305114747
11.950770778656006
12.16511739730835
11.921486854553223
11.77060806274414
11.697257976531983
11.81539587020874
11.67948148727417
11.952189331054688
11.792672233581543
11.937083511352538
11.854774951934814
12.041305236816406
11.762494754791259
11.687000026702881
11.575519466400147
11.674850521087647
11.784032402038575
11.733369312286378
11.829359092712401
11.615318050384522
11.725229682922363
11.658923664093017
11.82351987838745
11.839149017333984
11.972022132873535
11.792865505218506
12.003936157226562
12.175882358551025
11.849915676116943
11.670018234252929
11.861024265289307
11.703176460266114
11.675945072174072
11.617922439575196
11.905951995849609
11.727594699859619
11.794527149200439
11.725832061767578
11.6977032661438
11.90720645904541
11.614758319854737
11.744185943603515
11.906633472442627
11.650331535339355
12.01518445968628
11.475786170959474
11.6811012840271
11.794221286773682
11.839686737060546
11.557975673675537
11.562086086273194
11.55186954498291
11.9422727394104
12.126915073394775
11.870340747833252
11.760350551605224
11.562407360076904
11.839530906677247
11.799284610748291
11.738767528533936
11.760545349121093
11.837064170837403
12.006116104125976
11.91243366241455
11.952725925445556
11.663235149383546
11.697347202301025
11.81547264099121
11.743006429672242
11.81599630355835
11.72514757156372
11.539882297515868
11.74058780670166
11.802985687255859
11.565183620452881
11.727078075408935
12.127764205932618
11.573442630767822
11.753601684570313
11.98160306930542
11.56058183670044
11.730785694122314
11.81645544052124
11.685941143035889
11.793136806488038
11.832042427062989
11.876261672973634
11.855082950592042
11.816566123962403
11.963203010559083
11.579820709228516
11.9197536277771
11.797891235351562
11.613303737640381
11.939051990509034
11.960368614196778
12.00484203338623
11.207794666290283
12.002928676605224
11.531074466705322
11.759130668640136
11.86256799697876
11.78128719329834
11.940693244934081
11.647247257232666
11.668772506713868
11.644683094024659
11.92668186187744
11.869884872436524
11.799972610473633
11.76313356399536
11.618661479949951
11.678077945709228
11.768163223266601
11.724729804992675
11.855461292266845
11.545549812316894
11.892626152038574
11.596922416687011
11.81108757019043
11.603601512908936
11.947268981933593
11.960860080718994
11.794924030303955
11.857295913696289
11.892843608856202
11.501770496368408
11.829158248901367
11.850226707458496
11.793254909515381
11.771979293823243
11.639163913726806
11.8156005859375
11.938517684936523
11.648614044189452
11.932544841766358
11.86474473953247
11.504790134429932
11.652626934051513
11.649885520935058
11.580791625976563
11.908316898345948
11.81012643814087
11.997330341339111
11.681352043151856
11.825553226470948
11.5701198387146
11.880187816619873
11.715422897338867
12.040857582092285
11.628060512542724
11.705436210632325
11.817255916595458
11.657850303649901
11.80951810836792
11.66854555130005
11.716704921722412
11.614249992370606
11.808213844299317
11.833488121032715
11.695084686279296
11.741667861938476
11.893972187042236
11.883607387542725
11.935299415588378
11.776537532806396
11.83655834197998
11.675724391937257
11.700743656158448
11.659295120239257
11.596144638061524
11.854679183959961
11.696965675354004
11.855711898803712
11.67979326248169
11.890160007476807
11.636191329956056
11.58243616104126
11.72385377883911
12.061605319976806
11.89197826385498
11.658071212768554
12.010956745147706
11.823800239562988
11.738475933074952
11.868229293823243
12.237451915740968
11.785134506225585
11.702538108825683
11.95980230331421
11.848898754119872
12.051084728240967
11.758636436462403
11.435581245422362
11.54292314529419
12.324101123809815
12.001338272094726
11.887413730621338
11.697652130126952
11.761669273376464
11.911926898956299
11.706783237457275
11.899810180664062
11.768574275970458
11.707408885955811
11.688397388458252
11.664438743591308
11.9529714012146
11.613942165374755
11.507865180969238
11.788115253448487
11.81301565170288
11.995671615600585
11.996116619110108
11.560710620880126
11.67626480102539
11.975096473693847
11.779465141296386
11.63889497756958
12.070699234008789
11.828833465576173
12.07685655593872
11.865397071838379
11.836051425933839
11.77183427810669
11.760932083129882
11.769515247344971
11.618001480102539
11.852229995727539
11.841101341247558
11.525847282409668
11.892891445159911
11.64629695892334
11.609166069030762
11.770843620300292
11.881306591033935
11.734654026031494
11.70851402282715
11.640677032470704
11.60474666595459
11.77287103652954
11.652413997650147
11.732645549774169
11.855289459228516
11.522156009674072
11.859396743774415
11.814207191467284
11.814998302459717
11.706237545013428
11.864651145935058
11.837308616638184
11.759077835083009
11.664181365966797
11.728224544525146
11.700043888092042
11.578790874481202
11.714632415771485
11.701426582336426
11.902539806365967
12.286055316925049
11.67686122894287
11.795071296691894
11.70847827911377
12.136040344238282
11.547244663238525
11.63889513015747
11.616663646697997
11.852150440216064
11.70512493133545
11.71616189956665
11.840631732940674
11.680141525268555
11.82722080230713
11.460227870941162
11.952599868774413
11.8705326461792
11.64791540145874
11.657766551971436
11.783672256469726
11.852581214904784
11.731679039001465
11.63736141204834
11.84553279876709
11.64504098892212
11.585207538604736
11.646838703155517
11.677481498718262
11.975652885437011
11.724511547088623
11.821842632293702
11.802605133056641
11.957958850860596
11.585257587432862
11.775980682373048
11.831934890747071
11.909372138977051
11.798602752685547
11.596730403900146
12.160591735839844
11.775640487670898
11.581462841033936
11.824327335357665
11.827906646728515
11.654526748657226
11.902934436798096
11.757722625732422
11.750556106567382
11.845318222045899
11.766586856842041
11.75059404373169
11.915717506408692
11.864878673553466
11.656179084777833
11.670623722076416
11.756762599945068
11.774432783126832
11.879901676177978
11.747216053009033
11.81291841506958
11.6337459564209
11.916825580596925
11.906334323883057
12.171007423400878
11.731186676025391
12.025336608886718
11.67882999420166
11.820315551757812
11.900275058746338
11.750875358581544
11.870207233428955
11.73621337890625
11.927792644500732
11.847626419067383
11.66474718093872
11.873411178588867
11.967874641418456
11.926136798858643
11.742918338775635
11.36422721862793
11.609225978851319
11.903715190887452
11.730450687408448
11.625624809265137
12.11719186782837
11.740900478363038
12.246715927124024
11.65117904663086
12.063306846618651
11.684413642883301
11.647284450531005
11.528011322021484
11.837758808135986
11.8148321723938
11.628103008270264
11.671139850616456
12.074896659851074
11.484065799713134
11.734212112426757
11.524897651672363
11.683861713409424
11.658220195770264
11.855558986663818
11.925589809417724
11.759719257354737
11.764927978515624
11.655397567749024
12.102901096343993
11.795467090606689
11.680972633361817
11.844449558258056
11.984376392364503
11.95150323867798
11.828381958007812
11.766319389343261
11.790133056640625
11.772473735809326
11.740139961242676
11.706566791534424
11.716413269042969
11.58271827697754
11.586293926239014
11.676408157348632
11.861789264678954
11.846066799163818
11.889290599822997
11.736832256317138
11.746006317138672
11.848008632659912
11.971588344573975
11.576715278625489
11.826412467956542
11.787711181640624
12.021275653839112
11.793722610473633
11.797194709777832
11.632928123474121
11.56671501159668
11.920280265808106
11.674714336395263
11.717200813293458
11.828937225341797
11.439081840515136
11.778320140838623
11.671046752929687
11.741056613922119
11.723709564208985
11.606008739471436
11.65245813369751
11.481703205108643
11.906071052551269
11.507870235443114
11.494729499816895
11.813446369171142
11.692842178344726
11.737141857147217
11.823251285552978
12.272889938354492
12.057592468261719
11.508199396133422
11.735497379302979
11.963648872375488
11.86216049194336
11.698839607238769
11.87410306930542
11.624620685577392
11.618433876037598
11.889465026855468
11.587654457092285
11.892795429229736
11.724983348846436
11.603690967559814
11.799375820159913
11.844420833587646
11.733299179077148
11.744652423858643
11.48117862701416
11.740024738311767
11.902891120910645
11.897480564117432
11.695638675689697
11.718521804809571
11.727947788238525
12.098117065429687
11.89720869064331
11.89845100402832
11.641391849517822
12.212886085510254
11.780376892089844
11.769015026092529
12.053235511779786
11.566141319274902
11.733765716552734
11.738195705413819
11.571021537780762
11.592097110748291
11.732828788757324
11.687913188934326
11.56836395263672
11.61689947128296
11.646024570465087
11.670335292816162
11.786856708526612
11.862931537628175
11.616059665679932
12.10608196258545
11.852763671875
11.535889015197753
11.788555202484131
11.58872968673706
11.663375301361084
11.97244716644287
11.422888069152831
11.661381778717042
11.738152542114257
11.70098346710205
11.7875390625
11.579355487823486
11.962004871368409
11.612063236236573
11.705650024414062
11.870491352081299
11.742087001800536
11.860422859191894
11.82860065460205
11.644421768188476
11.84496997833252
11.69011423110962
11.861843605041503
11.694619731903076
11.744256858825684
11.698056240081787
11.658715610504151
11.8887491607666
11.730026206970216
11.917183647155762
11.966047687530518
11.492449283599854
11.849554042816163
11.828194065093994
12.067092914581298
11.784627780914306
11.596950283050537
11.77796136856079
11.789877681732177
11.720352783203126
11.808834114074706
11.870102043151855
11.851530590057372
11.768095932006837
11.985888500213623
11.842355537414551
11.821264343261719
11.696220531463624
11.769563446044922
11.725150318145753
11.702441253662109
11.5345027923584
11.907530975341796
11.926115245819092
11.857860622406006
11.73865442276001
11.994139499664307
11.952346820831298
11.752455615997315
11.669244194030762
12.149203605651856
11.957029476165772
11.50220314025879
11.964690628051757
11.649216613769532
11.8189688873291
11.786068305969238
12.018274612426758
11.907460460662842
11.594909019470215
12.029315032958984
11.455260734558106
11.86761121749878
12.278432960510253
11.672246036529542
12.046266136169434
11.37672103881836
12.0582737159729
12.251671142578125
11.734571037292481
11.891518993377685
12.016067066192626
11.89229434967041
11.740100765228272
11.75286787033081
11.674613723754883
11.497278671264649
11.65122423171997
11.66899444580078
11.813037242889404
12.119246520996093
11.853126945495605
11.60210964202881
11.84944637298584
11.739963397979736
11.660215759277344
11.86927604675293
11.78314655303955
11.629872646331787
11.916718215942383
11.395705814361571
11.424960346221924
11.73102237701416
11.876207180023194
11.62504264831543
12.05350616455078
11.57222183227539
11.916764373779296
11.456162242889404
11.68993896484375
11.617296867370605
11.7760941696167
11.701375617980958
11.921607933044434
11.64555233001709
11.7669850730896
11.719161300659179
11.713715343475341
11.720945281982422
11.665032043457032
11.702446956634521
11.851150074005126
11.606795406341552
11.661546535491944
11.624248065948485
11.498252487182617
11.926933612823486
11.849246349334717
11.660105953216553
11.971345462799071
11.80506248474121
11.45804277420044
11.664321193695068
11.845477180480957
12.041711826324462
12.164530239105225
11.963041133880616
11.658943767547607
11.711478118896485
11.876698932647706
11.834289836883546
12.013648681640625
12.11300874710083
11.719928131103515
11.650761737823487
11.75716953277588
11.703394031524658
11.900031127929687
11.745747318267822
12.009282760620117
12.007137413024902
11.764700717926026
11.981296787261963
11.877279224395751
11.860482769012451
11.973093872070313
12.049248352050782
11.49127202987671
11.885449657440185
12.01561378479004
11.73943941116333
11.75852834701538
11.881637649536133
11.857766895294189
11.691736679077149
11.962394046783448
11.913225269317627
11.705975151062011
11.708715744018555
11.549882278442382
11.738287448883057
11.637571601867675
11.918353538513184
11.687343235015868
11.862244682312012
11.603653926849365
11.587926902770995
11.683632049560547
11.74390193939209
11.777169933319092
11.827570152282714
11.868300285339355
11.720969753265381
11.982197456359863
11.781155452728271
11.870273704528808
12.009758510589599
11.633343639373779
11.71128496170044
11.90045639038086
11.985660343170165
11.820850086212157
11.683749656677247
11.992839870452881
11.743363800048828
11.871942920684814
12.20358263015747
11.821768627166747
11.673133201599121
11.706267185211182
11.751005210876464
11.746758918762207
11.67677261352539
11.516984748840333
11.812614231109619
11.688106727600097
11.756505641937256
11.728950080871583
11.845305328369141
11.704494190216064
11.883132801055908
12.072855529785157
11.929088764190674
11.964107227325439
11.683102359771729
11.646162071228026
11.721191215515137
11.704867916107178
11.731956882476807
11.772215728759766
11.554707412719727
12.166952419281007
11.571422100067139
11.711942043304443
12.036084251403809
11.649837818145752
11.429827995300293
11.732206916809082
11.813998203277588
11.610708122253419
11.761272258758545
11.812774143218995
11.889216194152832
11.955478134155273
12.074445095062256
11.581284446716309
11.724200420379638
11.989577693939209
11.505062427520752
12.143245105743409
12.093781986236571
11.710129432678222
11.921679515838623
11.788618717193604
11.599871654510498
11.942621173858642
11.687247200012207
11.807091331481933
11.49076515197754
12.20023832321167
11.524542350769043
11.743498821258544
11.775749053955078
11.649730014801026
11.673399276733399
11.5446604347229
11.80610029220581
11.83825180053711
11.641747436523438
11.614435920715332
11.56777292251587
12.024115657806396
11.75036117553711
11.882609252929688
11.761966590881348
11.761983318328857
11.809444427490234
11.72388744354248
11.82724552154541
11.792899055480957
11.68177963256836
11.894110679626465
12.162114391326904
11.893153705596923
11.544640998840332
11.750145835876465
12.037230758666992
11.613150367736816
12.036961059570313
11.60479232788086
11.903252429962158
11.807179470062255
11.709698562622071
11.976913146972656
14.287546100616455
11.284153976440429
11.77271619796753
11.866181449890137
11.429479694366455
11.791358070373535
11.79126766204834
11.699211902618408
11.60909803390503
11.784523048400878
11.928075695037842
12.011392993927002
11.80213716506958
11.758066864013673
12.062601528167725
11.772416553497315
11.711553382873536
11.772348213195801
11.701743545532226
11.774174137115478
11.67681890487671
11.767306747436523
11.562982845306397
11.911318473815918
12.007321548461913
11.824354667663574
11.695183219909667
11.716904602050782
11.649710483551026
11.903664455413818
11.581584587097169
11.65498348236084
12.1177712059021
11.781133289337157
11.758205757141113
11.848232154846192
11.913174514770509
11.827539176940919
11.798054122924805
11.524018898010254
11.710350914001465
11.861458435058594
11.479758987426758
12.042069187164307
11.756378517150878
11.869961223602296
11.684369792938233
11.665805969238281
11.831492233276368
11.855733318328857
11.807401723861695
11.91350061416626
12.051324062347412
11.70699993133545
11.815998611450196
11.91205352783203
11.911715831756592
11.72023946762085
11.720329799652099
11.906718311309815
11.613431091308593
11.83035732269287
11.738466396331788
11.68354684829712
11.7875834274292
11.764788780212402
11.5957523727417
11.833165473937989
11.663241386413574
11.702379570007324
11.88870553970337
11.48915590286255
12.033656463623046
11.649487495422363
11.683080577850342
11.71556806564331
12.044102935791015
11.646032581329345
11.863728466033935
11.664177122116088
11.792690238952638
11.441575164794921
11.675679721832275
11.558225555419922
11.545625286102295
11.963713836669921
11.805182685852051
11.934461612701416
11.693035564422608
11.736212940216065
11.7736767578125
11.934473705291747
11.886476001739503
11.932986526489257
11.846071281433105
11.606416549682617
11.663968963623047
11.821618881225586
11.58336799621582
12.079656829833985
11.795714855194092
11.708813705444335
11.723383388519288
12.107592716217042
11.788630599975585
11.736625556945802
11.654861125946045
11.791736497879029
11.635666561126708
12.004994354248048
11.821532669067382
11.596328353881836
11.486682167053223
11.705046501159668
11.600509147644043
11.894297142028808
11.872802963256836
12.17401346206665
11.892708568572997
11.972429218292236
11.811878890991212
11.568960494995117
11.687184982299804
11.957800579071044
11.832810745239257
11.807283744812011
11.988924102783203
11.929921169281005
11.84297716140747
11.540957164764404
11.519930515289307
11.752796936035157
11.959386768341064
11.625396575927734
12.074086799621583
11.625392475128173
11.804758110046386
11.430322074890137
11.862944316864013
11.906459636688233
11.685002479553223
11.62114797592163
11.691648178100586
11.585261917114257
12.085679626464843
11.829253044128418
11.874894905090333
11.924610691070557
11.573948040008545
11.637273426055907
11.859995937347412
11.939851684570312
11.873279037475585
11.742568817138672
11.703361167907715
11.605274677276611
11.730448970794678
11.770021514892578
11.935508518218994
11.539648113250733
11.587626552581787
11.835661277770996
11.814713592529296
11.925763702392578
11.692868881225586
11.695894184112548
11.789739418029786
11.867941570281982
11.999224014282227
11.822662982940674
11.51503469467163
11.754198036193849
11.475876789093018
11.61051836013794
11.71873224258423
11.625373916625977
11.68385051727295
11.675470447540283
11.40112060546875
11.369455890655518
11.872703247070312
11.782437324523926
11.60709945678711
11.47531415939331
11.842027034759521
11.867068252563477
11.662455863952637
11.71101921081543
11.717528438568115
11.763903846740723
11.705866222381593
11.865953598022461
11.501681804656982
11.762973289489747
11.56204439163208
11.790469036102294
11.685619106292725
11.867861309051513
11.705661945343017
11.813196830749511
11.750108261108398
11.622368583679199
12.012896976470948
11.69358949661255
11.847926959991455
11.698616542816161
11.84000186920166
11.805400333404542
11.90615779876709
11.734962615966797
11.811082744598389
11.831068267822266
11.945855369567871
11.668462295532226
11.948028526306153
11.730094928741455
11.928633460998535
11.895259552001953
11.792460479736327
11.24978832244873
12.09907865524292
12.083057136535645
11.883461990356444
11.75253044128418
11.628721961975097
12.000451412200928
11.984288120269776
11.860946731567383
11.715207824707031
11.490052661895753
11.98188507080078
11.943461799621582
11.755251331329346
11.85539608001709
12.13372205734253
11.685235080718995
11.413633251190186
11.959438743591308
11.8411053276062
11.916557102203369
11.669585056304932
11.865723075866699
11.606208992004394
11.96461061477661
11.792663993835449
11.630770416259766
11.913654460906983
11.889283466339112
11.641588172912599
11.556520442962647
12.078676967620849
11.872296390533448
11.690932407379151
11.64640676498413
11.726304969787599
11.982374229431151
11.636242809295654
11.44209150314331
11.769010391235351
11.850812473297118
11.807353172302246
11.685462493896484
11.803653392791748
11.811345443725585
11.573570823669433
11.638260459899902
11.94956953048706
11.807067794799805
11.991139717102051
11.995948753356934
11.722699661254882
11.765686283111572
11.866483192443848
11.743043251037598
11.693243713378907
11.600596103668213
11.74092924118042
11.751708221435546
11.733960609436036
11.706416034698487
12.056583576202392
12.15628345489502
11.730227069854736
11.68527313232422
11.845225219726563
11.702754917144775
11.968408126831054
11.892450485229492
11.914387607574463
11.534523124694823
11.532537231445312
11.85256462097168
11.863962516784667
11.96755012512207
11.827037391662598
11.738756790161133
11.629307193756103
11.876927757263184
11.787703876495362
11.903184642791748
11.9264866065979
11.965133094787598
11.702414894104004
11.918362216949463
11.714082012176513
11.960964679718018
11.853858890533447
11.480218334197998
11.786207675933838
11.721441040039062
11.708370590209961
11.777913875579834
11.718558025360107
11.806954917907715
11.915366020202637
11.651807403564453
12.096831493377685
11.999375438690185
11.713785152435303
11.628433666229249
11.834834747314453
11.711910419464111
11.887871112823486
11.638351612091064
11.73301233291626
12.016982898712158
11.646053314208984
11.99022647857666
11.614256896972655
11.816547012329101
11.802710628509521
11.580231151580811
11.65080234527588
11.947592277526855
11.730229091644286
11.508699827194214
11.724653816223144
11.413076858520508
11.431240005493164
11.761038627624512
11.759880084991455
11.764484462738038
11.383148021697998
11.759626960754394
11.680081748962403
11.775547256469727
11.6079146194458
11.840562858581542
11.57447925567627
11.592452220916748
11.656756954193115
11.529041709899902
12.026174869537353
11.685401973724366
11.501399240493775
11.720021896362304
11.803299598693847
11.59922929763794
11.858709716796875
11.87691390991211
11.986002197265625
11.881335563659668
11.766507415771484
11.889988880157471
11.781118068695069
11.598937282562256
11.921696891784668
11.789592475891114
11.949560222625733
11.915398235321044
11.594116096496583
11.825953731536865
11.847588176727294
11.935838356018067
11.734829368591308
11.91645315170288
11.803405227661132
11.856882514953613
11.92464994430542
11.801984405517578
11.650444889068604
11.770342445373535
11.883184700012206
11.824289379119874
11.889549350738525
11.973284645080566
11.981871929168701
11.997388534545898
11.685635814666748
11.839043521881104
11.796974563598633
11.811083164215088
11.811407985687255
11.354046020507813
11.766524467468262
11.592070808410645
11.816995639801025
11.931266841888428
11.571224822998047
11.575089626312256
11.759850788116456
11.805745449066162
11.69331865310669
11.66934440612793
11.866882686614991
11.930410900115966
11.83862777709961
11.816137828826903
11.86873369216919
11.7854292678833
12.056189765930176
11.852859535217284
11.622194709777832
11.737754554748536
11.466650466918946
11.64243896484375
11.940651760101318
12.076485424041747
11.799933872222901
11.722324867248535
11.785456771850585
11.956472873687744
11.690291919708251
11.645702610015869
11.646066379547118
11.690974159240723
11.838839244842529
11.90663688659668
11.907293281555177
11.876181087493897
11.751699237823486
11.768965244293213
11.63908260345459
11.708980560302734
12.121216011047363
12.026919012069703
11.756364784240724
11.644107913970947
12.064281787872314
11.897789421081542
12.069726600646973
11.60849208831787
11.860738754272461
12.167971248626708
11.749150581359864
11.760730743408203
11.721475772857666
11.5732643699646
11.832456703186034
11.81753791809082
11.614193229675292
11.757719440460205
11.778270530700684
11.699167919158935
11.58545747756958
11.786601371765137
11.966977577209473
11.899985733032226
11.585639553070068
11.760797443389892
11.905884342193604
11.778745050430297
11.75364688873291
11.556748847961426
11.79489143371582
11.882687301635743
11.79254732131958
11.734845542907715
11.643555583953857
11.416308479309082
12.022884368896484
11.515978755950927
11.870729503631592
11.730450172424316
11.748400421142579
11.71986053466797
11.73711992263794
11.540588188171387
12.024354515075684
11.435854015350342
11.679317016601562
11.708459987640381
11.678469181060791
11.565976848602295
11.810187129974365
11.648775844573974
11.6712446975708
11.700439434051514
11.920135974884033
11.926106777191162
12.159875507354736
11.670873203277587
11.665557823181153
11.562526473999023
11.805356159210206
11.582252407073975
11.754143676757813
11.780816593170165
11.68810354232788
11.885753917694093
11.42453592300415
11.847472724914551
11.902453022003174
11.296197719573975
11.664131488800049
11.536353340148926
11.633124618530273
11.665336837768555
11.692635345458985
11.72143606185913
11.745650367736816
12.375819129943848
11.707745399475098
11.681699008941651
11.812844581604004
11.881436595916748
11.742724285125732
11.798712730407715
12.116424217224122
11.53172872543335
11.690066261291504
11.579844703674317
11.703619403839111
11.657000980377198
11.68127737045288
11.689279537200928
11.67360324859619
11.883297023773194
11.812960033416749
12.044393577575683
12.12920087814331
11.779253978729248
11.771195907592773
11.791707286834717
11.80564613342285
11.803044109344482
11.585042400360107
11.992526550292968
11.940995788574218
11.92719669342041
11.471880931854248
11.862893085479737
11.84442054748535
11.834950942993164
11.813842525482178
12.000260639190675
11.763514041900635
11.812649688720704
11.590663948059081
11.827049350738525
11.511161670684814
11.642800521850585
11.824210796356201
11.86126989364624
11.742531661987305
11.599497413635254
12.113527202606202
11.842039880752564
11.812984180450439
11.842043056488038
11.828782558441162
11.663822174072266
11.781116371154786
11.638750743865966
11.662749748229981
11.774318056106567
11.739384994506835
11.906845207214355
11.395748062133789
11.596508541107177
12.000924110412598
11.604646549224853
11.621570892333985
11.593952808380127
11.855828094482423
11.69980905532837
11.774995555877686
11.506825294494629
11.507084636688232
11.919230194091798
11.584409503936767
11.908588829040527
11.528862895965576
11.458413581848145
11.572175884246827
12.05897096633911
11.715152816772461
11.669885864257813
11.862087135314942
11.736475429534913
11.799559402465821
11.892453937530517
11.69440242767334
11.446412715911865
11.346933174133301
11.83561529159546
11.564580116271973
11.776842021942139
11.712127437591553
11.76036563873291
11.956572074890136
11.802172355651855
11.826074409484864
11.66384786605835
11.64443006515503
11.670065631866455
11.81938850402832
11.838061904907226
11.82879409790039
11.748624095916748
11.889291572570801
11.564138488769531
11.629121437072754
11.963437023162841
11.451132011413574
11.780934791564942
11.515735263824462
11.803484191894531
11.752889995574952
11.689408378601074
11.611260528564452
11.829974308013917
11.783202819824218
11.8182865524292
12.157199440002442
11.84375150680542
11.971666355133056
11.888537940979004
11.660974769592285
11.850105304718017
11.687958450317383
11.717959003448486
11.744631843566895
11.975896663665772
11.589763774871827
11.776814823150636
11.809534797668457
11.828205757141113
11.871261310577392
11.816569480895996
11.63670825958252
11.628017559051514
11.91928192138672
11.858792209625244
11.650786151885987
11.894283180236817
11.827859001159668
11.913538646697997
11.681772155761719
11.888926620483398
11.583423824310303
11.414698104858399
11.825383949279786
11.81514154434204
11.85710132598877
12.080382709503175
11.813444709777832
11.541410808563233
11.446366004943847
11.847301483154297
11.783385429382324
11.64081298828125
11.548921451568603
11.807893562316895
11.754725227355957
11.914657135009765
11.568551025390626
11.267184658050537
11.776530475616456
11.746566410064696
11.599452037811279
12.029315376281739
12.013564128875732
11.460854053497314
11.74477336883545
11.673057613372803
11.517392959594726
11.844748554229737
11.637918205261231
11.872553329467774
11.58033281326294
11.896233100891113
11.817596340179444
11.706713161468507
11.758465003967284
11.641341476440429
11.859279556274414
11.89943552017212
12.080087242126465
11.905995559692382
11.769394721984863
11.937259254455567
11.780739364624024
11.79701171875
11.98595666885376
11.728947200775146
12.124112987518311
11.581098804473877
11.802150230407715
11.654206256866456
11.735217342376709
11.80971824645996
11.384246168136597
11.840039043426513
11.750540866851807
11.759445762634277
11.54507459640503
11.64001319885254
11.987004528045654
11.65984167098999
11.81464879989624
11.63253095626831
11.584616794586182
11.75570858001709
11.854855613708496
11.917388153076171
11.678929042816161
12.148327732086182
11.831272525787353
11.645223846435547
11.42098503112793
11.906471061706544
11.806854610443116
12.13463680267334
11.860995445251465
11.551507205963135
11.707649154663086
11.796427955627442
11.982287826538085
11.647410106658935
11.778308067321777
11.889039287567138
11.803898086547852
11.88475751876831
11.549768600463867
11.761076488494872
11.570628051757813
11.882817764282226
11.734235191345215
12.061894187927246
11.529141788482667
11.752022037506103
11.538862991333009
11.930089683532715
11.516653633117675
11.64193120956421
11.810404319763183
11.844902515411377
11.98322862625122
11.500690307617187
11.87559705734253
11.25680160522461
11.65503454208374
11.889116287231445
11.68593385696411
11.842522926330567
11.609887104034424
11.903998699188232
11.51603286743164
12.192126388549804
11.955588912963867
11.966650829315185
11.523198738098145
11.749995727539062
11.839105529785156
11.703522815704346
11.861922283172607
11.622725353240966
11.454367542266846
11.924366626739502
11.73753761291504
11.556260089874268
11.836846971511841
11.772508926391602
11.619748992919922
11.807730751037598
11.749174041748047
11.964413261413574
11.78695125579834
11.68625
11.834940013885499
11.823845462799072
11.951537914276123
11.979381999969483
11.580074424743652
11.837520370483398
11.760037593841552
11.761253108978272
11.521082286834718
11.659930610656739
11.64659605026245
11.859243450164795
11.8644775390625
11.711034774780273
11.781963386535644
11.405184078216553
11.319301147460937
11.720784969329834
11.740476188659668
11.783053092956543
11.864090995788574
11.877233543395995
11.902001819610597
11.99312183380127
11.623963823318482
12.07209072113037
11.862587108612061
11.907454471588135
11.940500679016113
11.63330810546875
11.824967899322509
11.81036153793335
11.65660882949829
12.127988624572755
11.983497676849366
11.812902145385742
12.196548385620117
11.886404991149902
11.836036109924317
11.569495906829834
11.943627777099609
11.688375453948975
11.885166759490966
11.768564720153808
11.739644050598145
11.726950817108154
11.713961906433106
11.761235542297364
11.869895744323731
11.950614376068115
11.590489463806152
11.7627152633667
11.937040367126464
11.33064380645752
11.38629135131836
11.74600751876831
11.523737277984619
11.581018886566163
11.790026111602783
11.352414894104005
11.902364902496338
12.049628601074218
11.848351230621338
11.89647705078125
11.899750423431396
11.72523515701294
11.759146690368652
11.651566066741943
11.702762260437012
11.9491139793396
11.893691234588623
11.573779010772705
11.735621032714844
11.521742630004884
11.868665866851806
11.519247379302978
11.62835039138794
11.713511161804199
11.506775760650635
11.663117275238037
11.776469554901123
11.763155879974365
11.83834846496582
11.63638889312744
11.649321346282958
11.79755771636963
11.500831127166748
11.787157535552979
11.832785663604737
11.617021045684815
11.66506145477295
11.920004177093507
11.79068365097046
11.891104221343994
11.821971549987794
11.518833179473877
11.612314033508301
11.884326496124267
11.65690200805664
11.876655654907227
11.775921974182129
11.914605960845947
11.987480182647705
11.772044305801392
11.815025005340576
11.586814842224122
11.740210170745849
11.641561527252197
12.143025360107423
11.979998149871825
11.866760025024414
11.455104446411132
11.88601282119751
11.814654731750489
11.946901016235351
11.87615982055664
11.753352813720703
11.675096778869628
11.886628608703614
11.972368431091308
11.750968799591064
11.762085075378417
11.355147113800049
11.887042179107667
11.802086868286132
11.993951721191406
11.964903888702393
11.575768737792968
11.898816242218018
11.745921077728271
11.719923820495605
11.811172847747804
11.759359169006348
11.685673751831054
11.51487045288086
11.702423248291016
11.793539505004883
11.942995223999024
11.638155746459962
11.607286205291748
11.641488857269287
11.813817749023437
11.789891090393066
11.791735458374024
11.500259017944336
11.925665397644043
11.755453777313232
11.940434284210205
11.847121315002441
11.709152908325196
11.590664215087891
11.722222995758056
12.051679458618164
11.84111671447754
11.743533706665039
11.515344314575195
12.11737356185913
12.075422229766845
11.708587474822998
11.983441734313965
11.861475906372071
11.634244995117188
11.804214191436767
11.848076248168946
11.642262382507324
11.467146091461181
11.538181381225586
11.87715612411499
12.218613052368164
11.760852088928223
11.696070747375488
11.806009635925292
11.511879997253418
12.100994873046876
11.952346229553223
11.73092140197754
11.759785528182983
11.619455471038819
11.677850723266602
11.701744651794433
11.848690910339355
11.2468869972229
11.820718250274659
11.713284759521484
11.478674755096435
11.655469703674317
11.679160270690918
11.88179204940796
11.739641819000244
11.63263292312622
12.004996166229247
11.699297008514405
11.75030466079712
11.666754684448243
11.88425651550293
11.52843801498413
11.925686283111572
11.469555339813233
11.668383121490479
11.848810214996337
11.556358261108398
12.309096221923829
11.550322523117066
11.942793922424316
11.548152847290039
11.728293056488036
11.731150989532471
11.773419342041016
12.17102970123291
11.920833683013916
11.890072116851806
11.877593746185303
11.81682472229004
12.128562450408936
11.390487537384033
11.837721309661866
11.886646919250488
11.833249645233154
11.604266567230225
12.105910758972168
11.775976715087891
11.76604486465454
11.51028881072998
11.868700637817383
11.779617862701416
11.840148639678954
11.96763750076294
11.501403713226319
11.774060935974122
11.823689613342285
11.879685821533203
11.482231636047363
11.682592163085937
11.788241310119629
11.679791049957275
11.898379974365234
11.933253955841064
11.773242969512939
11.886404113769531
11.822393970489502
14.61768476486206
11.702429542541504
11.774713115692139
11.46149652481079
11.617315101623536
11.777268962860107
11.895865802764893
11.427569465637207
11.3661181640625
11.68709192276001
11.746504154205322
11.721905555725098
11.838495368957519
11.960781402587891
11.843398628234864
11.613623943328857
11.992552738189698
11.643787403106689
12.00359016418457
11.701861438751221
11.69670841217041
11.60415964126587
11.609960308074951
11.682004871368408
11.956006088256835
11.742127208709716
11.875980033874512
11.530285892486573
11.964299030303955
12.028062019348145
11.670107555389404
11.797628231048584
11.682591724395753
11.870528945922851
11.67686222076416
11.746134281158447
11.64772289276123
11.860169925689696
11.77075475692749
11.884221439361573
11.749573459625244
11.708553104400634
11.918762493133546
11.732607421875
11.618967571258544
11.763465194702148
11.842792930603027
11.926875820159912
11.53724165916443
11.727450942993164
11.496091194152832
11.76754690170288
11.666624031066895
11.739005184173584
11.88066738128662
11.714356880187989
11.652035808563232
11.667762107849121
11.615973510742187
11.589989223480224
11.593488941192627
12.021063289642335
11.826679229736328
12.048859214782714
11.603925647735595
11.72960916519165
11.730327816009522
11.756753482818603
11.741737804412843
11.60722068786621
11.74046672821045
11.792992630004882
11.477152214050292
11.896113109588622
11.698898220062256
11.92521852493286
11.781915950775147
11.601134452819824
11.89654457092285
11.52674840927124
11.733043384552001
11.64767246246338
11.806206321716308
11.571056098937989
11.598815383911132
11.527946090698242
11.793094482421875
11.6865034866333
11.625674877166748
11.68771785736084
11.4461283493042
11.735041236877441
11.659451484680176
11.806198844909668
11.577138576507569
12.028642272949218
12.178727703094482
11.757384700775146
12.067720623016358
12.06100534439087
11.837054119110107
11.67732427597046
12.18032621383667
11.598452033996582
11.689085083007813
11.73398199081421
11.969121208190918
11.772300090789795
11.721789531707763
12.007068367004395
11.918604049682617
11.760816326141358
11.662211589813232
11.866720218658447
11.638459091186524
11.582319145202638
11.512293453216552
11.735689430236816
11.877945747375488
11.606698398590089
11.78737216949463
11.630952320098878
11.75584083557129
11.874187126159669
11.908885936737061
11.621269340515136
11.884635467529296
11.884229049682617
11.789931106567384
11.908078060150146
11.875515060424805
11.688662128448486
11.861889362335205
11.977838726043702
11.667970600128173
11.803420944213867
11.740932331085205
11.848320722579956
11.836102714538574
11.609475727081298
11.759376487731934
11.461203231811524
11.676596126556397
11.860663681030273
11.80687894821167
11.808157215118408
11.806961822509766
11.766756839752198
11.726726055145264
11.557643814086914
11.572740173339843
11.567225646972656
11.84919195175171
11.681894779205322
11.631627941131592
11.55035406112671
11.607105121612548
11.664951076507569
11.576181564331055
11.596539134979247
11.739754238128661
11.748555736541748
11.525748081207276
11.645861072540283
11.828589019775391
11.605711250305175
11.79609224319458
11.961303424835204
12.077701110839843
11.743662662506104
11.38685947418213
11.973884506225586
12.129651889801025
11.924526462554931
12.111816444396972
11.783082485198975
11.725467262268067
11.308872909545899
