3.0431678104400635
2.9230533027648926
2.957687120437622
2.9164031887054445
2.822165060043335
2.739182291030884
2.827994050979614
2.9039897441864015
2.7994118976593017
2.9597088527679443
2.8625452613830564
2.8664494276046755
2.7056584930419922
2.9334195375442507
2.89609317779541
2.953075661659241
2.9665497159957885
2.982144346237183
2.760611219406128
2.7573340845108034
2.907655668258667
2.8036846923828125
2.9972274112701416
2.855500044822693
2.8982124519348145
2.8019942092895507
2.80316752910614
2.835319061279297
2.7899763631820678
2.9542352962493896
2.8599691724777223
2.7881368732452394
2.7377580308914187
2.7654465866088866
2.7458189630508425
2.7411372518539427
2.715321340560913
2.704929027557373
2.72192608833313
2.742547378540039
2.828847494125366
2.6184727716445924
2.746945309638977
2.817807369232178
2.653075089454651
2.752979555130005
2.724264440536499
2.806741576194763
2.733340468406677
2.7447949028015137
2.7196861410140993
2.874382104873657
2.7533351469039915
2.7849697923660277
2.727788734436035
2.8364653825759887
2.7156771850585937
2.790490441322327
2.7074535942077635
2.8559477853775026
2.612664985656738
2.7285596895217896
2.641326937675476
2.7147107124328613
2.657634768486023
2.7331540536880494
2.5992170858383177
2.6485826587677
2.689629578590393
2.765571575164795
2.702850308418274
2.606045889854431
2.654601035118103
2.589868426322937
2.726706094741821
2.653519911766052
2.686183705329895
2.621745867729187
2.673210172653198
2.736289076805115
2.5936452960968017
2.650807485580444
2.7529691791534425
2.61780490398407
2.6768938398361204
2.693431634902954
2.647232518196106
2.6334333086013793
2.5798994636535646
2.646560697555542
2.6017191982269288
2.6302990341186523
2.7082778644561767
2.6106404781341555
2.6447743940353394
2.581896424293518
2.6776388597488405
2.6576375150680542
2.6811802864074705
2.680523386001587
2.615868105888367
2.669453988075256
2.6638430833816527
2.5942483711242676
2.6617358255386354
2.6618513584136965
2.5703702402114867
2.6449200201034544
2.6956166791915894
2.6055324935913085
2.6345162057876585
2.6275359487533567
2.619630870819092
2.7131696224212645
2.630200409889221
2.676159977912903
2.604922847747803
2.590940670967102
2.6859722661972047
2.645298261642456
2.663731722831726
2.5929119348526
2.6584942722320557
2.6437586307525636
2.622477774620056
2.5834673166275026
2.6419573163986207
2.6268704986572264
2.6298297023773194
2.6262629556655885
2.644138870239258
2.559555492401123
2.6297552490234377
2.6533686447143556
2.6513441228866577
2.6124845504760743
2.582542963027954
2.602374939918518
2.6202493047714235
2.61333034992218
2.6306899642944335
2.6442251682281492
2.603598380088806
2.643715949058533
2.5982240438461304
2.5894829702377318
2.679087071418762
2.654528284072876
2.639417519569397
2.6647960901260377
2.652604422569275
2.6335125970840454
2.627569146156311
2.625298833847046
2.643721957206726
2.6843361902236937
2.5970993423461914
2.6101766633987427
2.61626437664032
2.619705014228821
2.664504590034485
2.5949362611770628
2.6169134998321533
2.5955294275283816
2.6982459735870363
2.7244528245925905
2.6649496936798096
2.605870232582092
2.622817063331604
2.6376470279693605
2.6925717973709107
2.603046398162842
2.676722011566162
2.6449931478500366
2.68587824344635
2.6023889350891114
2.619033055305481
2.6509824562072755
2.661409864425659
2.597626223564148
2.6384373188018797
2.6835256671905516
2.6861631774902346
2.615869574546814
2.698347496986389
2.615540556907654
2.680337438583374
2.6400360441207886
2.624871487617493
2.660042896270752
2.597486386299133
2.63799635887146
2.629767379760742
2.638720316886902
2.6842082166671752
2.616807155609131
2.635691885948181
2.6589554500579835
2.6879641389846802
2.6561541604995726
2.6178542947769166
2.754324240684509
2.6283216190338137
2.670718264579773
2.6532468891143797
2.686008276939392
2.634764437675476
2.6525238609313964
2.6409600019454955
2.6618192911148073
2.6463189840316774
2.6599581098556517
2.6273133897781373
2.5683456373214724
2.6593963623046877
2.6225289249420167
2.656891736984253
2.6229342126846316
2.6477983665466307
2.673694915771484
2.634732246398926
2.662042808532715
2.6330333662033083
2.735492720603943
2.6893607139587403
2.6202132081985474
2.6566967010498046
2.6638116979599
2.6480633544921877
2.624636116027832
2.6307679843902587
2.643640089035034
2.6475688314437864
2.7019573736190794
2.6252436017990113
2.6712265729904177
2.700069952011108
2.7010872173309326
2.603844084739685
2.680919623374939
2.6709661197662355
2.6578538465499877
2.735056548118591
2.717906470298767
2.6824112558364868
2.6603298711776735
2.6946462059020995
2.630945258140564
2.652938780784607
2.6091304874420165
2.629592304229736
2.652712731361389
2.6268984508514404
2.6571334075927733
2.657726626396179
2.6711482286453245
2.6563631439208986
2.595625276565552
2.682153820991516
2.6626353073120117
2.694814863204956
2.642782382965088
2.634196949005127
2.6739665126800536
2.6381157541275027
2.683394570350647
2.655995850563049
2.628802056312561
2.6612680196762084
2.6185899686813356
2.666598706245422
2.7099505996704103
2.634448881149292
2.732686257362366
2.6235254049301147
2.616981654167175
2.652380886077881
2.648057179450989
2.650745196342468
2.600346713066101
2.67956618309021
2.6881281900405884
2.611388096809387
2.691363034248352
2.6953611898422243
2.666859312057495
2.6368827056884765
2.6666722249984742
2.633736424446106
2.658961338996887
2.6970217275619506
2.6489371347427366
2.667682480812073
2.716123466491699
2.742230062484741
2.660616927146912
2.620177698135376
2.630033073425293
2.6769825267791747
2.6690669441223145
2.659668698310852
2.692259221076965
2.6459790420532228
2.672443175315857
2.631071004867554
2.662487978935242
2.647754430770874
2.713055143356323
2.649939441680908
2.7079300451278687
2.6440348052978515
2.5739165496826173
2.642490339279175
2.674125952720642
2.671316146850586
2.597351188659668
2.6393890285491945
2.630167169570923
2.6240536403656005
2.6832588624954226
2.6684622049331663
2.738678021430969
2.654251799583435
2.6508582496643065
2.694590563774109
2.6417029094696045
2.634278497695923
2.6597316455841065
2.655225601196289
2.649437818527222
2.6674833631515504
2.6396701240539553
2.7024818992614748
2.7600820589065553
2.673337850570679
2.6971579885482786
2.7043319034576414
2.7753128671646117
2.6572866106033324
2.6340266942977903
2.6990813398361206
2.688740429878235
2.679054436683655
2.6724159336090088
2.7066661643981935
2.70423885345459
2.675577793121338
2.703371081352234
2.6322332572937013
2.6370026540756224
2.691795530319214
2.6574610376358034
2.655812120437622
2.7063766384124754
2.6704128265380858
2.6992751264572146
2.6807236099243164
2.646680006980896
2.702852420806885
2.65683744430542
2.674406852722168
2.716705684661865
2.6995115375518797
2.622187991142273
2.6726505517959596
2.6389536619186402
2.6550225114822386
2.670732340812683
2.678493218421936
2.7234749364852906
2.673580265045166
2.6674690866470336
2.625031142234802
2.6227507305145266
2.680510444641113
2.6701798629760742
2.6920296812057494
2.6579002046585085
2.70314341545105
2.695383253097534
2.699128131866455
2.6556278133392333
2.7011570596694945
2.674097738265991
2.6732381057739256
2.7001333379745485
2.6982704544067384
2.67909366607666
2.675852370262146
2.7008460903167726
2.625346426963806
2.6644999313354494
2.688262300491333
2.6528165197372435
2.68757071018219
2.6626375246047975
2.7063092756271363
2.6908504819869994
2.675154962539673
2.637620038986206
2.7161385011672974
2.6734882164001466
2.68297411441803
2.6671286058425903
2.690601029396057
2.6826052284240722
2.6709087657928468
2.7050560092926026
2.736838502883911
2.706937017440796
2.711600341796875
2.679399290084839
2.6887892627716066
2.661208515167236
2.615661497116089
2.658494358062744
2.6581472635269163
2.7080891704559327
2.667586965560913
2.689862265586853
2.620191526412964
2.6679300355911253
2.6327311038970946
2.68745756149292
2.730278606414795
2.6751850938796995
2.6713085269927976
2.654996380805969
2.7049481534957884
2.716858940124512
2.6938763427734376
2.650942802429199
2.7158237648010255
2.647300477027893
2.6714935970306395
2.6786777544021607
2.650793390274048
2.6960990619659424
2.6902688932418823
2.6773292875289916
2.6608044385910032
2.652689480781555
2.680356364250183
2.636827754974365
2.656860499382019
2.7008256196975706
2.663825216293335
2.736317138671875
2.692641577720642
2.708115859031677
2.699291477203369
2.667391886711121
2.6976144075393678
2.700027656555176
2.727702302932739
2.7035292863845823
2.6699248790740966
2.7123011636734007
2.6290924882888795
2.685506558418274
2.692033739089966
2.705360140800476
2.7318793821334837
2.692375202178955
2.6616079425811767
2.7088191986083983
2.7195826673507693
2.6789584732055665
2.6611221265792846
2.7191454648971556
2.7145962429046633
2.692587432861328
2.6551167583465576
2.7089405345916746
2.682720308303833
2.670580668449402
2.720190839767456
2.6797311735153198
2.702523446083069
2.698936924934387
2.710117335319519
2.646474099159241
2.7171518135070802
2.73414409160614
2.716826901435852
2.6775569820404055
2.7017836141586304
2.6686025142669676
2.693867335319519
2.748394236564636
2.704467477798462
2.7426716709136962
2.713334836959839
2.672399835586548
2.6846796035766602
2.7101892614364624
2.736790614128113
2.6723894548416136
2.635286374092102
2.7635419082641604
2.772115635871887
2.698950777053833
2.6238003969192505
2.6828886032104493
2.682797908782959
2.6359068059921267
2.6871239852905275
2.666997456550598
2.709655108451843
2.693138003349304
2.678181600570679
2.6398737382888795
2.6585519695281983
2.6893341398239134
2.6839314222335817
2.6820034074783323
2.6880759716033937
2.645000863075256
2.7401505804061888
2.666327786445618
2.6722625494003296
2.7278202104568483
2.757862343788147
2.697595925331116
2.7202981424331667
2.717764949798584
2.692085542678833
2.712884154319763
2.7260169553756715
2.757098331451416
2.6694116306304934
2.6768229389190674
2.7122978448867796
2.726147270202637
2.7082008790969847
2.6858626651763915
2.652293758392334
2.6545292425155638
2.7481602382659913
2.7050885581970214
2.6873424530029295
2.696159839630127
2.692120370864868
2.732149906158447
2.747334432601929
2.6514791107177733
2.6706409358978274
2.7374061727523804
2.7186628723144532
2.7709083557128906
2.6723851060867307
2.7131624889373778
2.66515034198761
2.7022599172592163
2.7237578058242797
2.6696708011627197
2.6865355157852173
2.738678660392761
2.6724581718444824
2.659483256340027
2.681107273101807
2.6541745471954346
2.678030405044556
2.7102566003799438
2.767146444320679
2.7224986267089846
2.663444151878357
2.6682743644714355
2.681552300453186
2.7072208976745604
2.675767698287964
2.6941249990463256
2.739181413650513
2.7590834045410157
2.732216854095459
2.6415652322769163
2.702477388381958
2.7252959871292113
2.6530298137664796
2.6901898097991945
2.6943755865097048
2.6968144845962523
2.667924180030823
2.6792280197143556
2.7344383144378663
2.6789968538284303
2.660286993980408
2.725160655975342
2.6707156896591187
2.681131582260132
2.7297138500213625
2.745054225921631
2.6642202138900757
2.717653431892395
2.729355020523071
2.7001655673980713
2.7421975898742676
2.667070755958557
2.736489248275757
2.7394434881210326
2.7390810298919677
2.7135374259948732
2.724598598480225
2.6758667182922364
2.7129433727264405
2.681877317428589
2.728330960273743
2.738653793334961
2.7666616010665894
2.696909546852112
2.6554534959793092
2.6620707178115843
2.709527711868286
2.712534170150757
2.7485513877868653
2.7340358114242553
2.668110032081604
2.6503537559509276
2.7547377061843874
2.7083163261413574
2.6805597448349
2.699681558609009
2.68171582698822
2.717177219390869
2.6970112562179565
2.7708453559875488
2.7384620761871337
2.710175881385803
2.744598846435547
2.6716122007369996
2.7967023706436156
2.6799268436431887
2.742360706329346
2.6884304094314575
2.706523451805115
2.7418671894073485
2.744780807495117
2.6909505224227903
2.7196372842788694
2.698288097381592
2.731672148704529
2.74809006690979
2.690395545959473
2.743558645248413
2.736264009475708
2.699386029243469
2.685365538597107
2.7187492561340334
2.7029596853256224
2.6865695571899413
2.6852930545806886
2.7377574110031127
2.713544225692749
2.6932824945449827
2.6921940851211548
2.6823302936553954
2.6832653045654298
2.7099576425552367
2.714760117530823
2.7219193601608276
2.6959399366378785
2.7008841133117674
2.72905526638031
2.7560888290405274
2.706661748886108
2.7111498975753783
2.7199015617370605
2.7158274173736574
2.7096596813201903
2.7123341846466062
2.719791741371155
2.7452289915084838
2.693283052444458
2.668687825202942
2.689983763694763
2.7546114206314085
2.7155267810821533
2.6436411333084107
2.6959840726852415
2.6941954708099365
2.7268632078170776
2.702653980255127
2.6803071975708006
2.690305905342102
2.6547235536575315
2.743926167488098
2.6810137033462524
2.7950714302062987
2.6519980907440184
2.691822199821472
2.762848129272461
2.7115269947052
2.712743101119995
2.7311284923553467
2.6806533479690553
2.667338910102844
2.712910394668579
2.712885341644287
2.72322003364563
2.799033145904541
2.7356737852096558
2.701441235542297
2.684261751174927
2.775352759361267
2.7557062673568726
2.7028288221359253
2.6880717134475707
2.7400494050979614
2.7413414335250854
2.7096337413787843
2.6888812589645386
2.730294761657715
2.7597663307189944
2.673274903297424
2.711671133041382
2.7146798038482665
2.7162439393997193
2.780400538444519
2.7188527536392213
2.730047540664673
2.7225131940841676
2.731816487312317
2.680175461769104
2.7303006935119627
2.624609513282776
2.634472885131836
2.7365782976150514
2.7272151613235476
2.7438333082199096
2.7736982488632203
2.6592302083969117
2.730268144607544
2.7063009691238404
2.7307942724227905
2.7897068643569947
2.7297281074523925
2.7217619609832764
2.6749240446090696
2.73858295917511
2.7198492240905763
2.7034083652496337
2.754638605117798
2.748092885017395
2.6985984230041504
2.6828413295745848
2.746879634857178
2.7402633953094484
2.7531320333480833
2.6798093128204346
2.736881985664368
2.6883198499679564
2.7475324773788454
2.692597994804382
2.686296362876892
2.688354239463806
2.659560508728027
2.7161006259918214
2.7529869651794434
2.7734869003295897
2.721558723449707
2.690691523551941
2.7441815185546874
2.7307298088073733
2.716933183670044
2.698161692619324
2.685417790412903
2.707537569999695
2.7214588022232054
2.7302595949172974
2.7287970685958864
2.671817421913147
2.687343468666077
2.729960446357727
2.7489564752578737
2.7248892784118652
2.763118848800659
2.712702350616455
2.7728710985183715
2.76271897315979
2.7309271574020384
2.7781295585632324
2.701228551864624
2.684549160003662
2.719952492713928
2.6894968938827515
2.7268878269195556
2.7345595264434817
2.733994493484497
2.699535608291626
2.7539742755889893
2.7090328407287596
2.7913309478759767
2.7713979482650757
2.720134243965149
2.736119155883789
2.724833345413208
2.7255856370925904
2.6775520706176756
2.713359398841858
2.771950168609619
2.713036437034607
2.6886356019973756
2.6376235342025756
2.7447840929031373
2.6862311792373657
2.7130760192871093
2.771701593399048
2.697418293952942
2.738782548904419
2.706070189476013
2.719063973426819
2.7371829414367674
2.6956394004821775
2.6947724533081057
2.735761494636536
2.7640353727340696
2.6632410144805907
2.681663293838501
2.7034474086761473
2.759654664993286
2.694475040435791
2.719978632926941
2.7269963121414182
2.723199496269226
2.728838310241699
2.7033157348632812
2.757237210273743
2.681620168685913
2.7323664140701296
2.7324478435516357
2.7251802778244016
2.7054318046569823
2.8104802656173704
2.8026010513305666
2.7201253986358642
2.6957893896102907
2.7664503383636476
2.7143761682510377
2.721743178367615
2.6888975048065187
2.698612027168274
2.7401375818252562
2.7369250059127808
2.7077585363388064
2.710517249107361
2.7101744842529296
2.7514564609527588
2.7116431522369386
2.6772904586791992
2.723478007316589
2.7800803327560426
2.7727346134185793
2.704932222366333
2.737502431869507
2.754561672210693
2.7641442441940307
2.69720251083374
2.6709797382354736
2.704018096923828
2.722055697441101
2.711307544708252
2.727919201850891
2.720015902519226
2.682691478729248
2.7174275970458983
2.758584156036377
2.7121111392974853
2.7039360904693606
2.758816456794739
2.6582160997390747
2.7160087966918947
2.734763293266296
2.6930170917510985
2.698055863380432
2.6734259796142577
2.7172614765167236
2.6967579984664916
2.721136474609375
2.691669754981995
2.732162313461304
2.6777383375167845
2.8202907752990725
2.7041129589080812
2.817404155731201
2.7488992738723756
2.747009177207947
2.715364918708801
2.750861225128174
2.711153473854065
2.711646728515625
2.7061630487442017
2.7323181724548338
2.723696298599243
2.688423547744751
2.6662488889694216
2.7554917669296266
2.7181942892074584
2.720554633140564
2.7073734045028686
2.7265761613845827
2.6912471723556517
2.7157363796234133
2.742950849533081
2.7429396390914915
2.714803862571716
2.6950699043273927
2.7281657886505126
2.683725719451904
2.727178430557251
2.7104831647872927
2.740356583595276
2.6816408157348635
2.745260396003723
2.6538748741149902
2.7409142303466796
2.7422457265853883
2.721809549331665
2.750999064445496
2.7272891187667847
2.713843836784363
2.6860640239715576
2.7629918909072875
2.7108184337615966
2.7655517721176146
2.69657678604126
2.711487889289856
2.7144998359680175
2.714813718795776
2.7205913829803468
2.7294396924972535
2.6788331174850466
2.772791419029236
2.739336919784546
2.739157691001892
2.7028138875961303
2.768612642288208
2.738816065788269
2.717227373123169
2.765819811820984
2.732821135520935
2.6816734075546265
2.716100368499756
2.719143829345703
2.7237781286239624
2.689583115577698
2.7472814750671386
2.720111756324768
2.775631422996521
2.7452570152282716
2.7125331449508665
2.7333262825012206
2.727855052947998
2.752619438171387
2.7410255336761473
2.7602238512039183
2.67730523109436
2.771920928955078
2.7118917894363403
2.689370927810669
2.7167575550079346
2.6891266298294068
2.7667574739456176
2.695467176437378
2.701602749824524
2.725041055679321
2.7296273422241213
2.695892720222473
2.6743419313430787
2.7318048524856566
2.7268842172622683
2.748350429534912
2.7573243045806883
2.7513203048706054
2.6716896677017212
2.7422132110595703
2.7203876304626466
2.7050987339019774
2.719735207557678
2.6660687494277955
2.7190769386291502
2.7292225551605225
2.7146200799942015
2.712757706642151
2.761516532897949
2.731775064468384
2.6744432401657106
2.750200042724609
2.7681291770935057
2.670004196166992
2.738671054840088
2.712358889579773
2.6922969961166383
2.7454419231414793
2.7620887660980227
2.6926653480529783
2.706558222770691
2.721063938140869
2.7021179676055906
2.69854700088501
2.681065487861633
2.7547447443008424
2.713824224472046
2.7502321338653566
2.730348892211914
2.766617012023926
2.7111587285995484
2.789936513900757
2.689099712371826
2.727948203086853
2.767192368507385
2.7296721935272217
2.7435907697677613
2.7462149810791017
2.6886771392822264
2.719949517250061
2.7549119567871094
2.7749375009536745
2.7336776304244994
2.7168708848953247
2.7153799772262572
3.302486801147461
2.7146126890182494
2.7800164079666136
2.7074939250946044
2.653665280342102
2.6442056274414063
2.71083779335022
2.7140661907196044
2.744210934638977
2.763554129600525
2.757151093482971
2.701051502227783
2.729731140136719
2.6890981245040892
2.6746651935577392
2.733540678024292
2.763267478942871
2.723010025024414
2.7102934217453
2.673682007789612
2.6355522537231444
2.717852053642273
2.7300277280807497
2.7502963304519654
2.651053018569946
2.670743074417114
2.7297309398651124
2.7060881519317626
2.7141980600357054
2.7584682178497313
2.7754115200042726
2.7770940113067626
2.679149603843689
2.7095857858657837
2.7912456035614013
2.682737236022949
2.7554659128189085
2.7972494173049927
2.735667643547058
2.7052047443389893
2.7023599767684936
2.650964255332947
2.711236820220947
2.7598366117477418
2.742315926551819
2.711601538658142
2.6776511526107787
2.745150237083435
2.7257206869125366
2.7140034341812136
2.712709002494812
2.700951361656189
2.656963977813721
2.7196387338638304
2.723128595352173
2.7327240991592405
2.7087350034713746
2.774292645454407
2.723469309806824
2.6765835666656494
2.739850330352783
2.7292361307144164
2.733314881324768
2.7274592828750612
2.70987416267395
2.723088655471802
2.705814905166626
2.68797372341156
2.749275608062744
2.7286465215682982
2.7203754425048827
2.68223979473114
2.6963294315338135
2.7071960401535033
2.711291298866272
2.6700648021698
2.7351395511627197
2.7397686529159544
2.7311068391799926
2.7542905473709105
2.685329818725586
2.6879564905166626
2.742578558921814
2.7259974002838137
2.675574178695679
2.745557675361633
2.710401463508606
2.642549014091492
2.736585621833801
2.7059596157073975
2.7033133029937746
2.641145234107971
2.693419075012207
2.7183789730072023
2.7410954093933104
2.820159935951233
2.7578177070617675
2.6659422302246094
2.7369020557403565
2.7242751359939574
2.674188327789307
2.676316809654236
2.6793792772293092
2.776112771034241
2.7572324466705322
2.741161575317383
2.678696699142456
2.756580657958984
2.6839555072784425
2.6725253772735598
2.6681312799453734
2.77120285987854
2.7094088125228883
2.764511160850525
2.703583664894104
2.710821576118469
2.738600573539734
2.707935347557068
2.746386423110962
2.6945059537887572
2.748907904624939
2.7620668172836305
2.724793004989624
2.6789994716644285
2.737787938117981
2.7299241542816164
2.7724471282958985
2.7265047788619996
2.6804723167419433
2.7053103971481325
2.731538462638855
2.755035080909729
2.7273278570175172
2.7255122804641725
2.7520758008956907
2.6897826290130613
2.693969039916992
2.7359870576858523
2.742139596939087
2.735885944366455
2.70119393825531
2.7528594827651975
2.753068838119507
2.766069617271423
2.78480619430542
2.687023987770081
2.6855291891098023
2.7421708345413207
2.737803087234497
2.704591784477234
2.680226035118103
2.6837283897399904
2.6990783405303955
2.726239504814148
2.713512268066406
2.758894190788269
2.725136547088623
2.6979627418518066
2.6556164979934693
2.6956326866149904
2.7057739973068236
2.722121629714966
2.6904729127883913
2.7452972745895385
2.7819044828414916
2.700864162445068
2.744245686531067
2.762743773460388
2.766203999519348
2.7186036109924316
2.7504556608200073
2.740756950378418
2.7011320924758913
2.7601141119003296
2.7138365602493284
2.7396962308883666
2.7365198945999145
2.8554701614379883
2.783469476699829
2.734620656967163
2.737195997238159
2.6972437715530395
2.779492964744568
2.7198272132873536
2.706775736808777
2.706662802696228
2.6905630922317503
2.732673501968384
2.7231172275543214
2.7513548517227173
2.7360887241363527
2.744670343399048
2.734466133117676
2.814192113876343
2.796282997131348
2.686015024185181
2.6950723266601564
2.7452427768707275
2.7119803047180175
2.700862855911255
2.7294101238250734
2.746036729812622
2.7017151975631712
2.7002679395675657
2.7305948543548584
2.6809534740448
2.8064698362350464
2.690666399002075
2.684764933586121
2.7115273332595824
2.677418031692505
2.6588846397399903
2.742428336143494
2.7237705516815187
2.6927268934249877
2.690108132362366
2.7048141384124755
2.691577181816101
2.7489866638183593
2.745806255340576
2.736316285133362
2.694538564682007
2.7176865339279175
2.705736575126648
2.7063415813446046
2.7055925798416136
2.701461057662964
2.6247839403152464
2.7388592052459715
2.714593195915222
2.745901207923889
2.750711693763733
2.694730167388916
2.7183705139160157
2.7151820516586302
2.697884340286255
2.6759400081634523
2.673256812095642
2.67040207862854
2.6917441749572752
2.7432099056243895
2.7303690481185914
2.688061180114746
2.6976213312149047
2.6997749185562134
2.7114112854003904
2.671722898483276
2.6903618478775027
2.775586476325989
2.662726254463196
2.771109662055969
2.7249735736846925
2.6712135601043703
2.708188223838806
2.6733143091201783
2.7000270748138426
2.7058416557312013
2.755947995185852
2.7488956832885743
2.7293049001693728
2.747134876251221
2.650049915313721
2.680013070106506
2.7021324968338014
2.715951929092407
2.7224091196060183
2.7095932149887085
2.7373260974884035
2.698107862472534
2.6587876653671265
2.696089882850647
2.747564821243286
2.7271397876739503
2.718664221763611
2.7258796882629395
2.7563742923736574
2.7043263864517213
2.6941689348220823
2.6937793922424316
2.6854195404052734
2.733567714691162
2.7692191982269287
2.694811797142029
2.74497305393219
2.70616672039032
2.686636457443237
2.7145987939834595
2.73240008354187
2.7328350591659545
2.8242492485046387
2.680648322105408
2.7247437763214113
2.683043384552002
2.6984894704818725
2.6876979875564575
2.702829384803772
2.6997120857238768
2.697556791305542
2.6739905500411987
2.714373354911804
2.7285068655014038
2.6939846658706665
2.699402198791504
2.7633312559127807
2.660625305175781
2.710054063796997
2.701323847770691
2.7104440450668337
2.7254112339019776
2.735285301208496
2.7694288539886474
2.7277910614013674
2.7595632028579713
2.7343831777572634
2.68917959690094
2.752647614479065
2.720144176483154
2.730755228996277
2.7515706205368042
2.774245386123657
2.713367838859558
2.8010667419433593
2.7392113780975342
2.6850338840484618
2.6897648572921753
2.735430946350098
2.7421786165237427
2.6711233186721803
2.7145153951644896
2.6854034280776977
2.7206377744674684
2.6614341259002687
2.7157335758209227
2.7166532278060913
2.6969170236587523
2.7370006227493286
2.704277448654175
2.693184881210327
2.7002642011642455
2.775056395530701
2.733508791923523
2.6596333885192873
2.6818451356887816
2.7831393098831176
2.7559063482284545
2.7139503717422486
2.742848286628723
2.71333327293396
2.6910315942764282
2.6845143175125123
2.7420774126052856
2.715554141998291
2.7827374029159544
2.704119486808777
2.73412935256958
2.7160721588134766
2.7341162538528443
2.685404562950134
2.712866659164429
2.697802519798279
2.7642510318756104
2.704634952545166
2.716777424812317
2.7292834758758544
2.6728204822540285
2.708005495071411
2.778908538818359
2.741355381011963
2.7395107173919677
2.727498788833618
2.7775033283233643
2.738568654060364
2.739257616996765
2.7283288621902466
2.7555457067489626
2.7041469621658325
2.7695939493179322
2.739734687805176
2.668573522567749
2.747682933807373
2.714443926811218
2.733447790145874
2.754440579414368
2.722614302635193
2.759545531272888
2.716885929107666
2.7220741415023806
2.7038676929473877
2.660573434829712
2.6948211336135866
2.7232860469818116
2.7137112045288085
2.743182783126831
2.711057357788086
2.710097284317017
2.739885730743408
2.7107224655151367
2.7407304191589357
2.777412610054016
2.720890474319458
2.6605972814559937
2.7184657192230226
2.7521478176116942
2.6937055015563964
2.7046805238723755
2.7202911472320555
2.6690289211273193
2.7028510904312135
2.7497225046157836
2.6497461128234865
2.703111033439636
2.7905620431900022
2.756538624763489
2.7024814558029173
2.7078850650787354
2.731836533546448
2.744295263290405
2.7157529401779175
2.720010771751404
2.6924574995040893
2.761965265274048
2.716122851371765
2.626327805519104
2.724010696411133
2.7873428726196288
2.678597240447998
2.7105181121826174
2.735716533660889
2.66286883354187
2.714694452285767
2.7115289163589478
2.6851317930221557
2.71487868309021
2.685792169570923
2.719624433517456
2.665772280693054
2.67052490234375
2.7778296947479246
2.725824337005615
2.660019316673279
2.6690484285354614
2.696492805480957
2.7430034065246582
2.714398512840271
2.7339581775665285
2.769086184501648
2.713204035758972
2.731300115585327
2.6804491806030275
2.692328996658325
2.720053930282593
2.706838264465332
2.666720871925354
2.632023949623108
2.7201571893692016
2.702481508255005
2.71471164226532
2.718105368614197
2.7042228984832763
2.708873028755188
2.736676115989685
2.717887558937073
2.7175241327285766
2.6976778936386108
2.690092821121216
2.728967523574829
2.703107485771179
2.7488319778442385
2.7348960638046265
2.7064197063446045
2.6706211042404173
2.7571436262130735
2.714131121635437
2.7958249711990355
2.703068814277649
2.6082056903839113
2.7459732723236083
2.732175726890564
2.703945713043213
2.7220513248443603
2.7432016372680663
2.6723461675643922
2.7642078590393067
2.7282847690582277
2.7134673309326174
2.746007890701294
2.7220859146118164
2.752090368270874
2.7772051000595095
2.7297686672210695
2.6720076417922973
2.7141631507873534
2.694636859893799
2.7163135385513306
2.7332562971115113
2.736309781074524
2.6749815797805785
2.721433582305908
2.698635973930359
2.7294568967819215
2.7351605796813967
2.723002724647522
2.7266900730133057
2.686820764541626
2.683019685745239
2.729408931732178
2.7441580724716186
2.735878186225891
2.7720297241210936
2.7269768381118773
2.694767565727234
2.6902671003341676
2.7094000673294065
2.7173597383499146
2.671650242805481
2.7049072790145874
2.729879379272461
2.6835032367706297
2.7467544364929197
2.7111966180801392
2.7164355659484865
2.7724407434463503
2.7345668363571165
2.7303777027130125
2.7748909902572634
2.728377437591553
2.688624897003174
2.7734384536743164
2.7525865745544436
2.705206913948059
2.7177510690689086
2.6660302448272706
2.671273641586304
2.6846027612686156
2.7535238742828367
2.69143235206604
2.725944690704346
2.733027877807617
2.7644839000701906
2.717042088508606
2.6760369682312013
2.7225625467300416
2.705603070259094
2.74364152431488
2.71388768196106
2.7757421350479126
2.7224643230438232
2.6698470067977906
2.722093033790588
2.701930732727051
2.7128461313247683
2.685010724067688
2.735191240310669
2.7503021860122683
2.7591513347625733
2.757588768005371
2.776632323265076
2.712796540260315
2.739678153991699
2.7496948766708376
2.682334108352661
2.7191418838500976
2.7497465658187865
2.7798871421813964
2.7313099241256715
2.6790957069396972
2.6639096879959108
2.732996454238892
2.6791785049438475
2.7015666007995605
2.7211073207855225
2.7135053396224977
2.704698944091797
2.738638410568237
2.7977403593063355
2.7826623821258547
2.6927647733688356
2.7280036640167236
2.7130350828170777
2.7348360061645507
2.7214837169647215
2.70341899394989
2.7911272287368774
2.706378364562988
2.7037302160263064
2.729838604927063
2.7440793800354
2.7131727933883667
2.6891517162323
2.717421054840088
2.689792695045471
2.7314972734451293
2.7145029592514036
2.7462207508087157
2.7541304874420165
2.683368363380432
2.7566652297973633
2.662900185585022
2.7120449495315553
2.727920722961426
2.718547139167786
2.6968966341018676
2.742031998634338
2.7276445198059083
2.732244305610657
2.670176091194153
2.7513453769683838
2.687563304901123
2.73716402053833
2.761569871902466
2.7695655918121336
2.7482115030288696
2.756529059410095
2.7496360206604002
2.751903018951416
2.7009485292434694
2.768568067550659
2.7298350811004637
2.7433460092544557
2.7324527406692507
2.7356940364837645
2.763301959037781
2.718466629981995
2.720190014839172
2.699771785736084
2.6982127714157103
2.723194370269775
2.6902568483352662
2.7373567962646486
2.7386338663101197
2.7153139209747312
2.7325961875915525
2.723776755332947
2.7235604095458985
2.6748241662979124
2.765683608055115
2.747336845397949
2.7224346160888673
2.6942008209228514
2.6957787466049195
2.712479968070984
2.727111301422119
2.788391981124878
2.6875996923446657
2.714257836341858
2.728528981208801
2.740280499458313
2.7419043827056884
2.742392930984497
2.7073203563690185
2.6919107151031496
2.6965782499313353
2.7497742319107057
2.719261436462402
2.748776469230652
2.774518585205078
2.7385326290130614
2.69435736656189
2.7788421583175658
2.6744794034957886
2.6962744569778443
2.765393934249878
2.73941686630249
2.6880959367752073
2.685221929550171
2.7235325145721436
2.7352360534667968
2.7027963066101073
2.710078978538513
2.724200644493103
2.7041160011291505
2.7152597379684447
2.7117092323303225
2.722436113357544
2.7001979303359986
2.698634190559387
2.7068115139007567
2.7575470876693724
2.7103028964996336
2.711393184661865
2.7325754499435426
2.724516816139221
2.7143781757354737
2.703668975830078
2.7175891494750974
2.6481975412368772
2.738498945236206
2.684425015449524
2.695522508621216
2.825626015663147
2.722768473625183
2.697293767929077
2.742243142127991
2.6864697694778443
2.7178746318817137
2.6908069372177126
2.7544733762741087
2.7126234912872316
2.817551851272583
2.743705792427063
2.698387694358826
2.7050611448287962
2.7377174425125124
2.7603882932662964
2.7432738733291626
2.725561647415161
2.6991156005859374
2.7033966398239135
2.6992193412780763
2.721687526702881
2.6359399795532226
2.6970596599578855
2.64190758228302
2.750648145675659
2.726610054969788
2.7468204164505003
2.7457850694656374
2.695699863433838
2.6732215023040773
2.729830756187439
2.7397628688812254
2.700105752944946
2.676021251678467
2.671448588371277
2.7325132656097413
2.7586196136474608
2.7552628326416015
2.7085647106170656
2.7532439947128298
2.7271428537368774
2.6547764921188355
2.6774753761291503
2.700414762496948
2.8077463579177855
2.7506580781936645
2.726442646980286
2.7238536071777344
2.657072820663452
2.745150508880615
2.7088948106765747
2.759430294036865
2.7966375732421875
2.7302392101287842
2.716202430725098
2.7706154870986937
2.8090275049209597
2.777532720565796
2.800831060409546
2.70146701335907
2.709725594520569
2.7429653358459474
2.7091069269180297
2.733553800582886
2.7098975133895875
2.728688931465149
2.700360503196716
2.7346602201461794
2.6975953006744384
2.697198820114136
2.749674277305603
2.7155322790145875
2.7546678400039672
2.705946264266968
2.6895136213302613
2.754538793563843
2.7119137620925904
2.7447959089279177
2.688890480995178
2.7463835525512694
2.69239812374115
2.7334886026382446
2.744806523323059
2.7102587842941284
2.745973267555237
2.6833906459808348
2.7008265542984007
2.7530123138427736
2.738716359138489
2.700815796852112
2.74125084400177
2.675225338935852
2.731392159461975
2.7177791690826414
2.7367363595962524
2.770999412536621
2.7421929454803466
2.7023177003860472
2.6484340476989745
2.7565983819961546
2.6794362354278562
2.7060805225372313
2.736601538658142
2.7323703527450562
2.732598385810852
2.7328258228302
2.741395740509033
2.7242381095886232
2.787758955955505
2.7286422491073608
2.7245485639572142
2.675695333480835
2.7367150831222533
2.6832343244552614
2.7186715173721314
2.725799059867859
2.750311894416809
2.691517906188965
2.7157157468795776
2.722297234535217
2.7364228200912475
2.711922535896301
2.7139646196365357
2.695849347114563
2.7225489521026613
2.7385121297836306
2.717770147323608
2.7390093994140625
2.706872320175171
2.7189009141922
2.7274757957458498
2.7504796504974367
2.6764490938186647
2.744837899208069
2.7353978395462035
2.781933374404907
2.6433794498443604
2.6973331642150877
2.7240336465835573
2.6990517139434815
2.7022698402404783
2.696299557685852
2.6602164793014524
2.726572775840759
2.7610534191131593
2.7619342231750488
2.7220829343795776
2.70487548828125
2.6697726964950563
2.7412391090393067
2.7098055267333985
2.6418007135391237
2.7518354988098146
2.7450780296325683
2.777792706489563
2.7465715074539183
2.7315043926239015
2.7419596910476685
2.700953550338745
2.7308515691757203
2.7048212242126466
2.7096982622146606
2.7416013050079346
2.675889434814453
2.697511386871338
2.7350122356414794
2.7430751180648802
2.708017234802246
2.799189929962158
2.6921684741973877
2.7464858865737916
2.7579579973220825
2.748567943572998
2.7732463121414184
2.687792043685913
2.825922975540161
2.7145684242248533
2.750200695991516
2.7362122201919554
2.733568935394287
2.711770439147949
2.8254442596435547
2.753053274154663
2.7352526235580443
2.7694224548339843
2.7329679679870607
2.713332328796387
2.7058463001251223
2.707027235031128
2.7108823823928834
2.7035769557952882
2.773358678817749
2.7230421018600466
2.7525524616241457
2.7518321800231935
2.6967838907241823
2.6714144563674926
2.743194079399109
2.718003149032593
2.7202479219436646
2.7151973390579225
2.708967490196228
2.6428147459030153
2.7059596252441405
2.7216205072402953
2.7812253856658935
2.7816606330871583
2.6883102226257325
2.654837565422058
2.747796211242676
2.7162866306304934
2.680870089530945
2.7229622173309327
2.7343927240371704
2.746762065887451
2.734465355873108
2.7776915311813353
2.6918402433395388
2.6977921772003173
2.7248643398284913
2.7069306707382204
2.6947472000122072
2.698048496246338
2.6815974712371826
2.7368227148056032
2.744859209060669
2.7178498268127442
2.6877033710479736
2.7702874422073362
2.6663437557220457
2.6753665733337404
2.711001753807068
2.7631669664382934
2.7821613073349
2.726709609031677
2.7263962507247923
2.717779908180237
2.728506536483765
2.7238400554656983
2.7191897439956665
2.706319613456726
2.754110255241394
2.763674883842468
2.718156623840332
2.736370816230774
2.7818147993087767
2.734533820152283
2.704078502655029
2.7466418409347533
2.6511244010925292
2.7187596273422243
2.734880495071411
2.780745677947998
2.6978373527526855
2.712751393318176
2.7517735862731936
2.7522846698760985
2.753836569786072
2.6917349433898927
2.718689675331116
2.7059412813186645
2.722237286567688
2.7431577825546265
2.698435549736023
2.7495791339874267
2.7419380474090578
2.7973660802841187
2.744329171180725
2.7011579704284667
2.7025768852233885
2.7318493270874025
2.6925841760635376
2.703955821990967
2.7162990140914918
2.7338478326797486
2.6858878993988036
2.705135631561279
2.7769274044036867
2.6806645441055297
2.735531849861145
2.7546622133255005
2.6894243812561034
2.7083733749389647
2.6807384967803953
2.737120246887207
2.732586326599121
2.7126969051361085
2.719224925041199
2.70358642578125
2.70095468044281
2.7181968212127687
2.7206066179275514
2.7340970849990844
2.713565764427185
2.693755111694336
2.7471155548095703
2.708428201675415
2.687563195228577
2.745702667236328
2.679248561859131
2.6784847164154053
2.710178828239441
2.6951126718521117
2.715153136253357
2.736944694519043
2.673531370162964
2.727260766029358
2.80080961227417
2.6941571950912477
2.7333792543411253
2.719656271934509
2.6760373973846434
2.7289033555984497
2.755368127822876
2.7740364122390746
2.7370643472671508
2.7169382333755494
2.6971835041046144
2.7338216733932494
2.66330295085907
2.747827796936035
2.7200333166122435
2.712154130935669
2.795647521018982
2.7440215969085693
2.7360732793807983
2.7161026859283446
2.6810438060760498
2.751785454750061
2.7473435831069946
2.76261221408844
3.2832508182525633
2.7031348276138307
2.7008214092254637
2.750355825424194
2.6891775369644164
2.74445565700531
2.7189667940139772
2.711104221343994
2.695205340385437
2.69730450630188
2.675774822235107
2.7005627155303955
2.7089178371429443
2.722576994895935
2.712769374847412
2.720942349433899
2.706164207458496
2.7570560121536256
2.689916968345642
2.750771999359131
2.710572214126587
2.7522330904006957
2.655712752342224
2.6947638320922853
2.77116898059845
2.7672899103164674
2.6813286352157593
2.7366427755355835
2.729870319366455
2.7200727701187133
2.6687714004516603
2.691554055213928
2.8106476736068724
2.6880283403396605
2.665773158073425
2.6970160961151124
2.672767548561096
2.720781993865967
2.766145386695862
2.7475674962997436
2.7330930757522585
2.726981692314148
2.680465874671936
2.7612236022949217
2.713924598693848
2.6785733890533447
2.699015426635742
2.6921584892272947
2.7316487550735475
2.7245893383026125
2.7117104530334473
2.675630221366882
2.7130343532562256
2.70435610294342
2.676882643699646
2.704449167251587
2.7376187944412234
2.684591646194458
2.700090970993042
2.7115984392166137
2.6983050966262816
2.7334657526016235
2.721697473526001
2.6614435386657713
2.6883031940460205
2.7176893091201784
2.752534008026123
2.695982336997986
2.7770940971374514
2.7124756240844725
2.683098397254944
2.707768368721008
2.724738130569458
2.6578814506530763
2.7011063623428346
2.7297267055511476
2.734118881225586
2.6967571687698366
2.748209891319275
2.7380004024505613
2.6738899326324463
2.6777874422073364
2.708926396369934
2.7467834091186525
2.793888635635376
2.8245138216018675
2.7292139625549314
2.742713088989258
2.7184933042526245
2.7683868741989137
2.713561429977417
2.6611727476119995
2.7224369144439695
2.6968326473236086
2.7055630111694335
2.7656359338760375
2.738996424674988
2.7121155977249147
2.739308876991272
2.7291102027893066
2.7270100116729736
2.712035174369812
2.663601727485657
2.697426929473877
2.7338104963302614
2.732464051246643
2.711608862876892
2.6836818933486937
2.762067198753357
2.7696272420883177
2.7758798503875735
2.7782618808746338
2.7152484846115112
2.6767407131195067
2.7161278772354125
2.6879592990875243
2.7295486068725587
2.7904178619384767
2.7341932916641234
2.768746271133423
2.7206893968582153
2.7309752368927
2.7317149686813353
2.7355831241607667
2.6927120590209963
2.711971445083618
2.7117058134078977
2.6913507699966432
2.7681231117248535
2.634187502861023
2.7223380517959597
2.704862327575684
2.7069435930252075
2.7105852127075196
2.772357535362244
2.708695397377014
2.7400787830352784
2.724492793083191
2.707849383354187
2.702945294380188
2.755986604690552
2.6990912532806397
2.7412794733047487
2.71649489402771
2.7530042791366576
2.7252934122085573
2.660388984680176
2.7019065237045288
2.691848406791687
2.7000096464157104
2.7267521667480468
2.6807547092437742
2.715383744239807
2.7087494039535525
2.6774734115600585
2.710992650985718
2.7220138025283815
2.6957378244400023
2.6592912006378175
2.683674902915955
2.7269118928909304
2.6707596921920778
2.7108147716522217
2.730391502380371
2.7241634845733644
2.7263643980026244
2.6673907804489136
2.7197506046295166
2.6993093729019164
2.7044666814804077
2.675513219833374
2.703018321990967
2.6985481119155885
2.69523802280426
2.686867995262146
2.751808376312256
2.6279354381561277
2.7046560859680175
2.6892407608032225
2.743981146812439
2.737011227607727
2.7039638137817383
2.751362476348877
2.766772255897522
2.705779318809509
2.7283737802505494
2.69424530506134
2.728896150588989
2.660072717666626
2.734889783859253
2.710705041885376
2.7076164531707763
2.6799950885772703
2.6878571367263793
2.736583905220032
2.7516935777664187
2.6707787847518922
2.7168254137039183
2.726263370513916
2.655823760032654
2.6791951704025267
2.7105927419662477
2.716306109428406
2.6964603233337403
2.776909475326538
2.7237887954711915
2.728541374206543
2.7381141567230225
2.709920635223389
2.673409733772278
2.700434308052063
2.721229372024536
2.7112159013748167
2.7323280954360962
2.7129358863830566
2.6940647411346434
2.70835834980011
2.690026683807373
2.735906376838684
2.699931793212891
2.720212149620056
2.7512415409088136
2.708930187225342
2.7608524417877196
2.673828420639038
2.7231034326553343
2.6353810453414916
2.7287939310073854
2.682395644187927
2.7507776975631715
2.761751856803894
2.734539394378662
2.7264782571792603
2.7318126726150513
2.6858049535751345
2.754938631057739
2.750039005279541
2.73587317943573
2.694094543457031
2.716308422088623
2.7051392507553103
2.683363552093506
2.737532935142517
2.778602719306946
2.7210124015808104
2.7478344345092776
2.658129081726074
2.7240380525588987
2.7255555534362794
2.712998776435852
2.7072413396835326
2.7327082443237303
2.71952064037323
2.742947416305542
2.688773093223572
2.747018566131592
2.752778615951538
2.7229009008407594
2.7424495697021483
2.7625635051727295
2.7046345901489257
2.6473105812072752
2.6622729969024657
2.730008850097656
2.747506260871887
2.725872950553894
2.7206071186065675
2.729646053314209
2.7076166582107546
2.679666700363159
2.7101711368560792
2.650933332443237
2.6791873025894164
2.7223264598846435
2.7389184999465943
2.725180311203003
2.702566285133362
2.7459810638427733
2.763427481651306
2.733586311340332
2.6602317094802856
2.7423775959014893
2.7058038902282715
2.7161002922058106
2.6703643131256105
2.724375762939453
2.6908320379257202
2.717552089691162
2.685407633781433
2.7149188041687013
2.6779286813735963
2.70612823009491
2.7036472606658934
2.690959777832031
2.6828672981262205
2.702346935272217
2.7131189727783203
2.722269630432129
2.719044270515442
2.737407922744751
2.7352634859085083
2.674784002304077
2.6953220129013062
2.709797668457031
2.725533757209778
2.700249366760254
2.711920351982117
2.647473487854004
2.720754976272583
2.664849705696106
2.6695754528045654
2.7327345561981202
2.675133156776428
2.697396168708801
2.690712265968323
2.738497734069824
2.753326015472412
2.684573254585266
2.7171482133865354
2.670189414024353
2.6450470161437987
2.7106643772125243
2.6585847425460813
2.786453170776367
2.732762517929077
2.6873447465896607
2.7302021884918215
2.6774510383605956
2.6969054460525514
2.684573383331299
2.7079445266723634
2.6903740215301513
2.661054940223694
2.696947121620178
2.6716724824905396
2.6474231338500975
2.7046774101257323
2.722733721733093
2.73983350276947
2.705511131286621
2.7063322830200196
2.6719010734558104
2.6599816370010374
2.7147062015533447
2.6926691150665283
2.675709867477417
2.6757300424575807
2.7127212381362913
2.681474041938782
2.7006957483291627
2.750549306869507
2.67754047870636
2.6835856103897093
2.729057092666626
2.710437774658203
2.7252451944351197
2.701911849975586
2.6819349002838133
2.730728278160095
2.774862732887268
2.727681336402893
2.6484253215789795
2.737604856491089
2.729444365501404
2.7408710432052614
2.756186842918396
2.703811388015747
2.6880236291885375
2.68166597366333
2.7519287300109863
2.704592604637146
2.7212985229492186
2.676823091506958
2.7285097455978393
2.7531127882003785
2.723825149536133
2.7448682165145875
2.6966088724136354
2.770589156150818
2.7772662162780763
2.7166868686676025
2.714583225250244
2.6513472604751587
2.6411548614501954
2.665229835510254
2.7218509817123415
2.7203291273117065
2.737418074607849
2.7990979290008546
2.7138575220108034
2.6633260536193846
2.7587838554382325
2.6969011783599854
2.6985253572463987
2.7263983917236327
2.702967677116394
2.7550200986862183
2.7251345777511595
2.675566177368164
2.743778009414673
2.755810008049011
2.713160963058472
2.6918370056152345
2.7059812355041504
2.7100934028625487
2.6768258237838745
2.697853741645813
2.697497386932373
2.73169677734375
2.655545878410339
2.7243841171264647
2.6991150474548338
2.748420281410217
2.7134458732604982
2.6986265420913695
2.66823926448822
2.7231185483932494
2.674224977493286
2.7500096940994263
2.721562066078186
2.7106393337249757
2.673121938705444
2.6967574071884157
2.71128839969635
2.6922167587280272
2.695425577163696
2.6868213510513304
2.7447995567321777
2.6711360359191896
2.714202890396118
2.7142826318740845
2.6951838397979735
2.696109266281128
2.7691125965118406
2.7148076772689818
2.7007909393310547
2.7248206996917723
2.662268419265747
2.748131251335144
2.7241340923309325
2.7222416162490846
2.7828770017623903
2.746089415550232
2.7478287982940675
2.727509789466858
2.72065025806427
2.7616754245758055
2.706756148338318
2.756744246482849
2.6963169622421264
2.7094306182861327
2.65517050743103
2.707424349784851
2.723136124610901
2.709357485771179
2.7056847190856934
2.6848725128173827
2.73048526763916
2.7183359050750733
2.7302179193496703
2.7006357097625733
2.665921006202698
2.7055024528503417
2.7580223083496094
2.6934298038482667
2.738295464515686
2.7565152645111084
2.6871073484420775
2.730871114730835
2.7592730855941774
2.7300288677215576
2.7506346130371093
2.754738087654114
2.7319490623474123
2.7301140928268435
2.7037035512924192
2.7690622329711916
2.6905394792556763
2.75166437625885
2.671462721824646
2.710025281906128
2.689434833526611
2.7163927268981936
2.7628058099746706
2.720933771133423
2.6913306427001955
2.7121771478652956
2.7059871673583986
2.697577466964722
2.740320429801941
2.7110243892669676
2.68885187625885
2.71979766368866
2.6587265872955324
2.676834530830383
2.7166933727264406
2.7136921215057375
2.704701051712036
2.684745669364929
2.731300253868103
2.7212289237976073
2.7204578733444214
2.6830848693847655
2.7029881191253664
2.6887529039382936
2.7224693155288695
2.6713321924209597
2.726888017654419
2.7083870363235474
2.764232721328735
2.7334785890579223
2.7241156482696534
2.6851357507705687
2.718376727104187
2.689672384262085
2.6652825450897217
2.7338046407699585
2.6697646284103396
2.7124680137634276
2.707942590713501
2.735943565368652
2.7090635681152344
2.7101294708251955
2.690800838470459
2.706822643280029
2.7070397424697874
2.6481959056854247
2.7523784017562867
2.740209336280823
2.7096722459793092
2.6780795431137085
2.7365209341049193
2.733869161605835
2.688444747924805
2.733235445022583
2.7561862325668334
2.7055506038665773
2.6965292739868163
2.730919041633606
2.7067783737182616
2.65843852519989
2.6547909069061277
2.6978022146224974
2.7226458978652954
2.6544482851028444
2.742341775894165
2.6728371810913085
2.735064435005188
2.7194706869125365
2.684939866065979
2.6589877462387084
2.7349819898605348
2.7677718591690064
2.6902204036712645
2.6936828804016115
2.6575590848922728
2.687549605369568
2.740265679359436
2.75141872882843
2.7328398990631104
2.6998486948013305
2.6846136379241945
2.7002667236328124
2.733953719139099
2.681249680519104
2.657051944732666
2.7934470653533934
2.715005187988281
2.6755271196365356
2.754099097251892
2.6972843313217165
2.7148474407196046
2.7144872903823853
2.699943675994873
2.7085919761657715
2.72704758644104
2.7053827714920042
2.695732045173645
2.7079696607589723
2.7095868968963623
2.72400155544281
2.709743618965149
2.7143977785110476
2.662576642036438
2.695557713508606
2.7449605083465576
2.7420842123031615
2.6881815433502196
2.673426513671875
2.701030888557434
2.707310185432434
2.7316651058197023
2.7000452947616576
2.7207442998886107
2.7591116285324095
2.7082076263427735
2.7180311250686646
2.778900923728943
2.6893446969985964
2.678341689109802
2.7227752780914307
2.696042022705078
2.698791208267212
2.7631356954574584
2.6802222204208372
2.708274831771851
2.688367667198181
2.742828016281128
2.74318754196167
2.7029861879348753
2.7025951957702636
2.6889925527572633
2.7061182117462157
2.6864057922363282
2.761166424751282
2.680558590888977
2.807198176383972
2.709704580307007
2.6832009458541872
2.7351990938186646
2.747711057662964
2.694302349090576
2.768919310569763
2.734283866882324
2.695630097389221
2.712448825836182
2.7696512746810913
2.687895894050598
2.765794138908386
2.689003863334656
2.7227244567871094
2.7329544973373414
2.7166150760650636
2.7409095096588136
2.7042220211029053
2.6740736818313597
2.7266581583023073
2.770774664878845
2.7288906717300416
2.6592423629760744
2.723818778991699
2.690774278640747
2.7168456077575684
2.697626175880432
2.709666714668274
2.7515465593338013
2.723587656021118
2.71076162815094
2.7060486125946044
2.7558577728271483
2.721317505836487
2.6481882619857786
2.681802763938904
2.75095139503479
2.7036332082748413
2.689425745010376
2.707553758621216
2.716908392906189
2.736558985710144
2.760577082633972
2.6804210472106935
2.705110440254211
2.7127735567092897
2.7287508344650266
2.71924364566803
2.6890465927124025
2.737663893699646
2.649395728111267
2.7431022787094115
2.721147828102112
2.711055006980896
2.734435086250305
2.664906439781189
2.7301426982879637
2.6736805057525634
2.727730622291565
2.7432964658737182
2.7221843910217287
2.6981983041763304
2.6721009111404417
2.733015923500061
2.6989328956604
2.673950319290161
2.736757922172546
2.6997958755493165
2.7066568326950073
2.720347318649292
2.7051496362686156
2.734198293685913
2.713748688697815
2.6898744916915893
2.7168332290649415
2.771847252845764
2.687406997680664
2.668051347732544
2.686739091873169
2.6894957780838014
2.7170862579345703
2.6954186582565307
2.7035465097427367
2.707166166305542
2.740443563461304
2.6876099491119385
2.702305316925049
2.7305320596694944
2.704569311141968
2.681326723098755
2.719492588043213
2.701439952850342
2.728894062042236
2.72036048412323
2.716999683380127
2.6923942708969117
2.753806805610657
2.746812314987183
2.6991563510894774
2.684620461463928
2.744343433380127
2.69376633644104
2.695007629394531
2.746127848625183
2.73007089138031
2.668218283653259
2.7610356426239013
2.7236393213272097
2.7102611541748045
2.7198079586029054
2.738168144226074
2.6797686004638672
2.719590129852295
2.718149743080139
2.6752210235595704
2.765243010520935
2.717633728981018
2.7304323005676268
2.7139684438705443
2.76455988407135
2.7399108028411865
2.7180860376358034
2.71768093585968
2.7072795152664186
2.7073996257781983
2.6984820699691774
2.7146983528137207
2.6729737854003908
2.7045157194137572
2.750731406211853
2.750521173477173
2.6703747272491456
2.622224130630493
2.704541492462158
2.6621011543273925
2.668951840400696
2.72366295337677
2.708037109375
2.7111468601226805
2.729783229827881
2.711199793815613
2.6889369964599608
2.7393150424957273
2.684857196807861
2.721226577758789
2.7033987998962403
2.766892657279968
2.6595221376419067
2.689694743156433
2.7019693756103518
2.6998583984375
2.7257977676391603
2.692742877006531
2.6971441555023192
2.6782029819488526
2.7576713037490843
2.6666486263275146
2.7129877376556397
2.737359576225281
2.694110617637634
2.717775721549988
2.792254648208618
2.767855839729309
2.801337251663208
2.676168508529663
2.7454183769226073
2.704300127029419
2.754232392311096
2.6968488597869875
2.7380179929733277
2.7100153493881227
2.6973258876800537
2.7975888442993164
2.669929962158203
2.7016266870498655
2.745485200881958
2.77065411567688
2.674048080444336
2.692385444641113
2.728072690963745
2.692518529891968
2.698582844734192
2.691762309074402
2.6696673822402954
2.7621201372146604
2.695548152923584
2.7791832065582276
2.7151806640625
2.791293725967407
2.6843287706375123
2.6830876207351686
2.7266952848434447
2.7471391057968138
2.7143184661865236
2.736240701675415
2.68071120262146
2.7695110416412354
2.6935587882995606
2.6710714721679687
2.714405951499939
2.7034696912765503
2.711983895301819
2.732289810180664
2.660218901634216
2.736750826835632
2.6755911111831665
2.7269067096710207
2.702199754714966
2.724706997871399
2.700303864479065
2.693865904808044
2.7060153770446775
2.7175335454940797
2.711491570472717
2.720038342475891
2.664721441268921
2.702985987663269
2.705237407684326
2.6767914056777955
2.696132435798645
2.7225048208236693
2.69097514629364
2.749184651374817
2.723484411239624
2.6878703165054323
2.7170282983779908
2.7226197624206545
2.6887223720550537
2.6835970211029054
2.7455812883377075
2.7243111371994018
2.7237878036499024
2.675504417419434
2.788669366836548
2.692018303871155
2.720888404846191
2.692886543273926
2.682770462036133
2.681518406867981
2.7180969667434693
2.7236053943634033
2.7294701385498046
2.72041157245636
2.6760410833358765
2.7037914991378784
2.7315180683135987
2.6502799940109254
2.7323442363739012
2.696723947525024
2.7203068256378176
2.7049491596221924
2.7257720899581908
2.6967381858825683
2.7122899675369263
2.7157092475891114
2.7104847383499147
2.719370250701904
2.7204689311981203
2.715965633392334
2.7520425605773924
2.7324543380737305
2.6913153409957884
2.7404363441467283
2.6926227712631228
2.6850483989715577
2.6919432497024536
2.744671516418457
2.6744142055511473
2.715600814819336
2.740988278388977
2.7323745250701905
2.7279180335998534
2.694663043022156
2.68960608959198
2.7252695894241334
2.734443230628967
2.703382248878479
2.730159811973572
2.7352762413024903
2.7329153537750246
2.7337102556228636
2.7103149843215943
2.7093751096725462
2.6593204879760743
2.7641552877426148
2.7061785221099854
2.706853160858154
2.6990758562088013
2.7227273178100586
2.7484020662307738
2.737431592941284
2.6951910495758056
2.7695902490615847
2.681689910888672
2.719813756942749
2.732565140724182
2.696296157836914
2.740564703941345
2.6903114032745363
2.670454239845276
2.67279088973999
2.709971055984497
2.774931063652039
2.7349625778198243
2.7041718053817747
2.7522880268096923
2.685853419303894
2.786555037498474
2.7015969562530517
2.745362915992737
2.719428448677063
2.747901158332825
2.754998731613159
2.6988973093032835
2.7021230030059815
2.777696199417114
2.715956811904907
2.730099263191223
2.6926138401031494
2.730951261520386
2.738565430641174
2.7451975536346436
2.72483416557312
2.8013134765625
2.6986925315856936
2.7134577083587645
2.670953297615051
2.72301374912262
2.686183047294617
2.7562209224700926
2.7632311820983886
2.663847804069519
2.711749005317688
2.72579803943634
2.7091539239883424
2.6589388847351074
2.7553561210632322
2.7032578945159913
2.730095610618591
2.6925323963165284
2.7699569940567015
2.717850480079651
2.701559000015259
2.6854646492004393
2.7377968645095825
2.6857396936416627
2.725794219970703
2.742910552024841
2.708017497062683
2.719151930809021
2.70075825214386
2.716734752655029
2.703767704963684
2.736014699935913
2.7406023740768433
2.7182633447647095
2.751460118293762
2.6840052032470703
2.7396931314468382
2.719926085472107
2.741201305389404
2.746071491241455
2.7303219175338747
2.764111294746399
2.711391725540161
2.6957860565185547
2.759359459877014
2.6831127500534055
2.7075930786132814
2.7131686353683473
2.7131129693984986
2.7455877590179445
2.722904486656189
2.709928617477417
2.7226208019256593
2.7286438608169554
2.7191033220291136
2.7035113620758056
2.713787121772766
2.691361026763916
2.770175156593323
2.7463383626937867
2.6885723209381105
2.719414963722229
2.7488736486434937
2.7350127696990967
2.685011601448059
2.7425167560577393
2.682588791847229
2.6996798706054688
2.703412160873413
2.7367122268676756
2.6913864040374755
2.7099036693573
2.7527170038223265
2.763180203437805
2.710154242515564
2.720067834854126
2.7579608726501466
2.7306703424453733
2.711268448829651
2.7838019275665284
2.72329559803009
3.286727776527405
2.7474996042251587
2.777082095146179
2.6950600862503054
2.7059330844879153
2.6827216291427614
2.7072701120376585
2.75244194984436
2.7700749111175536
2.7289744997024536
2.707011284828186
2.719396724700928
2.779431447982788
2.6848003244400025
2.7369454383850096
2.7498557949066162
2.713249197006226
2.7129887533187866
2.6872643184661866
2.7183047342300415
2.7274161434173583
2.7245292186737062
2.649450173377991
2.663281898498535
2.7824874258041383
2.6754364490509035
2.7046389389038086
2.674079236984253
2.679968457221985
2.69573664188385
2.6606321859359743
2.701036615371704
2.696847333908081
2.7444822549819947
2.6754204845428466
2.7329098749160767
2.778911242485046
2.7073044347763062
2.703459692001343
2.722151312828064
2.686276144981384
2.7298840141296385
2.721090726852417
2.700781946182251
2.73916983127594
2.689966049194336
2.678531913757324
2.711415657997131
2.662154588699341
2.6687410068511963
2.680740785598755
2.68796275138855
2.678050889968872
2.7207104539871216
2.6703481340408324
2.784273009300232
2.682329454421997
2.688972997665405
2.6933566522598267
2.718126792907715
2.6799977111816404
2.709086465835571
2.707436537742615
2.682834801673889
2.7629235124588014
2.7737691450119017
2.663657212257385
2.736390929222107
2.6913971757888793
2.6697935104370116
2.7028356075286863
2.6419584274291994
2.7547636461257934
2.705975122451782
2.72018620967865
2.6802035188674926
2.7019413709640503
2.6818712329864502
2.786788625717163
2.7289643573760984
2.715290904045105
2.6669109153747557
2.707897901535034
2.719807538986206
2.751225371360779
2.7270562553405764
2.742796392440796
2.671507577896118
2.751710467338562
2.7153144311904907
2.7043363761901857
2.6882783794403076
2.7524678611755373
2.709365930557251
2.7038647079467775
2.6739510822296144
2.708569655418396
2.677375469207764
2.731959300041199
2.7636771869659422
2.6965492010116576
2.715352177619934
2.701550145149231
2.721097512245178
2.689170641899109
2.6571048593521116
2.7242943620681763
2.7625167751312256
2.749592356681824
2.690502257347107
2.7097654438018797
2.6870260715484617
2.6914253854751586
2.7229681062698363
2.6725767946243284
2.726379146575928
2.6959753465652465
2.738555073738098
2.7418868827819822
2.741572184562683
2.7022762203216555
2.6905844688415526
2.6647470426559448
2.738068552017212
2.7556140565872194
2.660416355133057
2.7283497619628907
2.745490856170654
2.7526141834259032
2.726933298110962
2.7109951400756835
2.686571455001831
2.6856159734725953
2.725830798149109
2.823942446708679
2.735343670845032
2.7604433155059813
2.6877514362335204
2.7153800344467163
2.683488574028015
2.7177004528045656
2.7123532104492187
2.7333397483825683
2.7064659070968626
2.6947390747070314
2.6859984540939332
2.6991223001480105
2.710196490287781
2.6707920026779175
2.6283558320999147
2.7719107151031492
2.684036374092102
2.6523111343383787
2.6849513912200926
2.692243638038635
2.666043930053711
2.7078346014022827
2.707968635559082
2.7141580724716188
2.7174577856063844
2.713521056175232
2.7535005044937133
2.696919012069702
2.7130443382263185
2.682226676940918
2.7050219058990477
2.6941974449157713
2.7302747917175294
2.7124115896224974
2.678021445274353
2.714822459220886
2.7102256488800047
2.7009472179412843
2.693571195602417
2.677791395187378
2.660093541145325
2.738514404296875
2.6688556623458863
2.692612314224243
2.6918737649917603
2.7738198900222777
2.773960213661194
2.735148324966431
2.680901861190796
2.6490924835205076
2.7107719469070433
2.7252235078811644
2.7116097831726074
2.6941542720794676
2.6854146766662597
2.756558408737183
2.7721498584747315
2.731441226005554
2.7122509479522705
2.669726004600525
2.6938114547729493
2.7049016523361207
2.7192718839645384
2.714376063346863
2.728762946128845
2.717650966644287
2.7213148641586304
2.6853542947769165
2.695741991996765
2.77320209980011
2.7101325178146363
2.685593423843384
2.6764810466766358
2.682968244552612
2.673529415130615
2.7377705240249632
2.6686275148391725
2.6962644624710084
2.727060570716858
2.7481832313537597
2.651899256706238
2.730831990242004
2.731291561126709
2.7289049577713014
2.6514942502975463
2.7041502094268797
2.711981873512268
2.7149438524246214
2.7317606830596923
2.7034227657318115
2.6844020175933836
2.7476087856292724
2.703410129547119
2.686218228340149
2.6692707681655885
2.736098065376282
2.6800548028945923
2.713065981864929
2.7035705995559693
2.7211185550689696
2.7244642400741577
2.667985520362854
2.73903450012207
2.7119532728195193
2.727940711975098
2.755731015205383
2.7170703077316283
2.7170467805862426
2.7197479391098023
2.7066354942321778
2.6884259939193726
2.712370972633362
2.7241272020339964
2.7040917682647705
2.7038715076446533
2.701160397529602
2.7391237163543702
2.711865420341492
2.7002682065963746
2.6746054315567016
2.7462962675094604
2.668390827178955
2.6833856296539307
2.722001872062683
2.7082672452926637
2.68038152217865
2.704646039009094
2.7354660034179688
2.7139786005020143
2.7133279705047606
2.6783579206466674
2.67602783203125
2.735993518829346
2.727973012924194
2.7301826238632203
2.7085801935195923
2.7185507726669313
2.7172070741653442
2.7280298376083376
2.684141478538513
2.6938028287887574
2.709560012817383
2.690337657928467
2.723980956077576
2.7279805517196656
2.690390486717224
2.727942452430725
2.6934603118896483
2.721899299621582
2.7155550146102905
2.7092147731781004
2.7322041988372803
2.689575529098511
2.685166940689087
2.6695564794540405
2.6871980381011964
2.6997922754287718
2.7346350288391115
2.7181465911865232
2.7209960508346556
2.700330181121826
2.6815257120132445
2.7109347200393676
2.7028328132629396
2.716024498939514
2.683985085487366
2.7032498121261597
2.703900194168091
2.677346792221069
2.7149207258224486
2.715825457572937
2.717313313484192
2.7015345335006713
2.735097541809082
2.703814034461975
2.664263615608215
2.6783509349822996
2.665049228668213
2.6787882614135743
2.7536606311798097
2.7407857036590575
2.717874207496643
2.7378696489334104
2.7768426179885863
2.670179829597473
2.7240018320083617
2.7231155395507813
2.641658887863159
2.702119345664978
2.72099308013916
2.743940019607544
2.6822192096710205
2.6934794855117796
2.689358940124512
2.632653841972351
2.711191539764404
2.711071181297302
2.6570679473876955
2.699790062904358
2.7279524755477906
2.710987000465393
2.7547633457183838
2.6929644680023195
2.7117297887802123
2.7153048610687254
2.6878573656082154
2.710398759841919
2.6761906003952025
2.7045229148864744
2.6499659538269045
2.695025610923767
2.660755157470703
2.702923789024353
2.689961895942688
2.746271572113037
2.669401831626892
2.654837040901184
2.7494596242904663
2.717170305252075
2.713951768875122
2.7176287841796873
2.709468517303467
2.6878666925430297
2.6805131673812865
2.6690453720092773
2.7399789333343505
2.6894700574874877
2.6807899951934813
2.7004371881484985
2.7473809576034545
2.7011466360092165
2.706742219924927
2.687168574333191
2.6977870750427244
2.7550768661499023
2.7369132661819457
2.73302125453949
2.715594463348389
2.6786764526367186
2.6537603425979612
2.6589416790008547
2.6878759622573853
2.7445312118530274
2.711305480003357
2.696673421859741
2.746716551780701
2.718858799934387
2.7036714506149293
2.697671413421631
2.6645272064208982
2.6996214485168455
2.7003617334365844
2.6961601781845093
2.6954972696304322
2.6747157430648802
2.703696837425232
2.7002583026885985
2.6737743186950684
2.685064883232117
2.7124037408828734
2.753973836898804
2.7019490957260133
2.7343013191223147
2.645725464820862
2.6701242256164552
2.736795163154602
2.7134971809387207
2.7023024225234984
2.723450531959534
2.6782649087905885
2.718946628570557
2.701989588737488
2.674162163734436
2.6973326873779295
2.720390648841858
2.630737056732178
2.731699151992798
2.7502550315856933
2.7068568229675294
2.711470127105713
2.734977669715881
2.772657942771912
2.7570478296279908
2.7027407264709473
2.7312220621109007
2.653584280014038
2.713205499649048
2.6916486263275146
2.7261224508285524
2.7401789474487304
2.725486159324646
2.6685781478881836
2.761149878501892
2.7469309186935424
2.6642945623397827
2.688352918624878
2.721244425773621
2.715856590270996
2.6417977714538576
2.696535711288452
2.7272316217422485
2.6824426651000977
2.7125780296325686
2.7266566133499146
2.6945337724685667
2.729726610183716
2.705194926261902
2.6780252838134766
2.710643963813782
2.7461368894577025
2.768488998413086
2.7105158090591432
2.717922263145447
2.7595423650741577
2.6843347120285035
2.712405128479004
2.6877927875518797
2.7353806686401367
2.7098379135131836
2.6710248136520387
2.7526057720184327
2.7747339963912965
2.6899963998794556
2.6941053438186646
2.719368324279785
2.6850976371765136
2.708368434906006
2.725395927429199
2.698745455741882
2.6991654920578
2.754981813430786
2.7274203205108645
2.683675756454468
2.7135723304748534
2.6874771451950075
2.720459933280945
2.7059793996810915
2.7464157867431642
2.691304907798767
2.711606149673462
2.700235652923584
2.6912755250930784
2.698574481010437
2.714132113456726
2.7013086795806887
2.6935420179367067
2.7241067934036254
2.6932566452026365
2.6557257747650147
2.732514934539795
2.691777787208557
2.728926167488098
2.6682096910476685
2.6970594549179077
2.7128463792800903
2.747583999633789
2.7175481843948366
2.7130230283737182
2.718733491897583
2.7347394227981567
2.7187890672683714
2.7299407577514647
2.6892741250991823
2.725651354789734
2.7309809589385985
2.67280375957489
2.6999995040893556
2.697725977897644
2.6823223781585694
2.746096205711365
2.6869157648086546
2.7436749792099
2.6802290391922
2.6589724445343017
2.7094074583053587
2.759920892715454
2.715750274658203
2.711029500961304
2.689119915962219
2.713315477371216
2.766456890106201
2.6951307821273804
2.6701992034912108
2.773903980255127
2.756473479270935
2.7336772584915163
2.699833722114563
2.775285186767578
2.7232351160049437
2.7032451152801515
2.72812557220459
2.748579573631287
2.6836623764038086
2.728977918624878
2.747587175369263
2.691137709617615
2.7074896621704103
2.7118914127349854
2.722177791595459
2.7552643823623657
2.7060907459259034
2.7060202455520628
2.69790385723114
2.638374743461609
2.7572716331481932
2.733585891723633
2.724585576057434
2.680356740951538
2.731703448295593
2.7268678522109986
2.735745964050293
2.677898244857788
2.6682405996322633
2.7194735527038576
2.7300772523880004
2.7224056339263916
2.7461388731002807
2.6925190687179565
2.7322691011428835
2.7107780313491823
2.710574221611023
2.737039556503296
2.6985559034347535
2.7334144163131713
2.6831137847900393
2.685323705673218
2.657019715309143
2.678063864707947
2.7495167589187623
2.6794334554672243
2.691798434257507
2.710120749473572
2.7584009170532227
2.743030867576599
2.7176735734939577
2.717188529968262
2.7048838472366334
2.7103829431533812
2.71870569229126
2.753507146835327
2.7165725421905518
2.7497904968261717
2.7046080112457274
2.6894269800186157
2.7484137535095217
2.708028836250305
2.6816310405731203
2.758534770011902
2.7220428133010866
2.680908913612366
2.718167839050293
2.6965774059295655
2.681314206123352
2.6937600803375243
2.6851428079605104
2.7405937194824217
2.768122534751892
2.729971251487732
2.681022062301636
2.669939932823181
2.7072935771942137
2.6957855224609375
2.7406303453445435
2.692510733604431
2.721553587913513
2.668450393676758
2.7326459980010984
2.6770670318603518
2.7054914665222167
2.7080589962005615
2.6974375104904174
2.68318904876709
2.6973681640625
2.6986706686019897
2.7034761047363283
2.729046506881714
2.713366494178772
2.790197515487671
2.6593255519866945
2.6871216917037963
2.669181718826294
2.6919022464752196
2.747416043281555
2.721454367637634
2.700032658576965
2.757847771644592
2.701300196647644
2.73650176525116
2.7095722818374632
2.723238549232483
2.7488096857070925
2.7237085819244387
2.7640660858154296
2.683146071434021
2.675460710525513
2.7058620405197145
2.724027781486511
2.715108995437622
2.7119118785858154
2.7235474491119387
2.7129029417037964
2.7168254375457765
2.747300820350647
2.71407657623291
2.676194233894348
2.7011576890945435
2.6992522621154786
2.6996662855148315
2.769573221206665
2.7940306425094605
2.6965349340438842
2.6990177392959596
2.7149723672866823
2.6992881631851198
2.730213165283203
2.6898086500167846
2.6929247093200686
2.735636887550354
2.7037189054489135
2.686631407737732
2.726475758552551
2.6934414100646973
2.7482193660736085
2.7155414962768556
2.750484209060669
2.6845458364486694
2.715530877113342
2.700546536445618
2.689068808555603
2.715802001953125
2.7321776580810546
2.7121039962768556
2.727843179702759
2.7786411237716675
2.6935427951812745
2.6979391050338744
2.730310492515564
2.7390671253204344
2.6866501998901366
2.699030261039734
2.628599615097046
2.676977696418762
2.7021115255355834
2.7093022155761717
2.7615056610107422
2.708012843132019
2.742397179603577
2.6919962978363037
2.7498309326171877
2.684795970916748
2.7115685510635377
2.749073123931885
2.7272927141189576
2.6994822311401365
2.700232286453247
2.742582688331604
2.6715858364105225
2.6918156003952025
2.7722096824645996
2.7456961393356325
2.762838225364685
2.766166162490845
2.721052656173706
2.713886818885803
2.7400517225265504
2.7031215143203737
2.726309103965759
2.6437764406204223
2.6635156536102294
2.7815272665023802
2.664220380783081
2.725537643432617
2.6894194412231447
2.6828939390182494
2.6894011449813844
2.7344335556030273
2.7152875328063963
2.6749490976333616
2.7092079496383668
2.6951639747619627
2.7472309017181398
2.742724356651306
2.7178414821624757
2.7100428628921507
2.68808952331543
2.655001640319824
2.6989652490615845
2.7885014057159423
2.7581909894943237
2.6780503845214843
2.6927878284454345
2.7152882623672485
2.7047483015060423
2.651331205368042
2.702220664024353
2.694478611946106
2.7180654335021974
2.710030655860901
2.677147879600525
2.679442744255066
2.6857981157302855
2.7127773904800416
2.7758802556991578
2.721375389099121
2.672862882614136
2.7475614309310914
2.693777208328247
2.749372892379761
2.704023871421814
2.7371246099472044
2.704878120422363
2.66120698928833
2.6943649005889894
2.6307214450836183
2.6957110595703124
2.7042805528640748
2.670027356147766
2.720293736457825
2.744289674758911
2.7055142164230346
2.7099356269836425
2.7205187463760376
2.7449193382263184
2.6728788900375364
2.7059870910644532
2.707656755447388
2.7101510906219484
2.712269887924194
2.706324019432068
2.665750751495361
2.6949646615982057
2.7068875217437744
2.689158225059509
2.759161043167114
2.7114434671401977
2.679567227363586
2.7293901014328004
2.757494177818298
2.6990677881240845
2.688080668449402
2.6693196392059324
2.7350531387329102
2.752501335144043
2.683290133476257
2.69651385307312
2.6834308195114134
2.7273166942596436
2.763733243942261
2.700229997634888
2.759804954528809
2.7199011135101316
2.670094780921936
2.6594882345199586
2.7133263158798218
2.681095070838928
2.6469078207015992
2.7024142026901243
2.6735193490982057
2.705280890464783
2.676294026374817
2.6775182390213015
2.6550105571746827
2.7074092054367065
2.7040611410140993
2.764109630584717
2.711462950706482
2.736269655227661
2.737140808105469
2.6826934909820555
2.7002312898635865
2.6750518321990966
2.6655591106414795
2.6990089893341063
2.695737371444702
2.693034625053406
2.754806842803955
2.7017501735687257
2.685940155982971
2.7037137508392335
2.690829725265503
2.729086313247681
2.7397649097442627
2.681871576309204
2.719901704788208
2.66516321182251
2.7336279153823853
2.766426725387573
2.720862774848938
2.7083031702041627
2.7406910467147827
2.692614493370056
2.699509973526001
2.725600881576538
2.712571759223938
2.7350051259994506
2.690029573440552
2.6752351188659667
2.7283273267745973
2.616575059890747
2.7139078474044798
2.6612841653823853
2.743267912864685
2.6806090116500854
2.7055333137512205
2.7068523597717284
2.713495845794678
2.7439021110534667
2.6787128925323485
2.728434348106384
2.6984306526184083
2.6938888454437255
2.7310013341903687
2.7472976064682006
2.7213549613952637
2.728695607185364
2.7345942735671995
2.6683257579803468
2.741726131439209
2.6795742607116697
2.6838546657562254
2.6884914588928224
2.7358696174621584
2.798236856460571
2.7344202709198
2.75689124584198
2.712086386680603
2.7289286470413208
2.6452611970901487
2.7644895410537718
2.7282350492477416
2.6841598463058474
2.674974775314331
2.7242737197875977
2.7240740776062013
2.6717340755462646
2.726595482826233
2.7844711112976075
2.714394001960754
2.7248954010009765
2.6645991134643556
2.6756985139846803
2.6817984914779665
2.715467495918274
2.722519655227661
2.747783923149109
2.7291800928115846
2.7250244140625
2.7637261629104612
2.698902530670166
2.6730126619338987
2.6600695610046388
2.7414480304718016
2.7986045026779176
2.697106695175171
2.6795797967910766
2.6804281663894653
2.7740465593338013
2.750676951408386
2.7341433906555177
2.709093189239502
2.684424500465393
2.73512086391449
2.7495364427566527
2.705173816680908
2.7379226541519164
2.696406660079956
2.672623219490051
2.693670935630798
2.724658212661743
2.6840685653686522
2.7013340425491332
2.7161930084228514
2.676273880004883
2.7589235973358153
2.7667572689056397
2.664620819091797
2.6619387245178223
2.638912863731384
2.7076877641677854
2.730361571311951
2.7308406925201414
2.720245909690857
2.7215694522857667
2.732026734352112
2.6989432096481325
2.7038816928863527
2.712890591621399
2.6616339778900144
2.7061013174057007
2.6493784618377685
2.7661559200286865
2.7051210165023805
2.7238769817352293
2.6933623933792115
2.7027883243560793
2.6994145154953
2.696384210586548
2.695103449821472
2.714594397544861
2.728637752532959
2.6423812913894653
2.719373593330383
2.727716817855835
2.716813702583313
2.7156046867370605
2.6797404384613035
2.7182332706451415
2.716407914161682
2.71993812084198
2.7022689151763917
2.7190836906433105
2.719261631965637
2.6718319129943846
2.7624908971786497
2.6804272890090943
2.7269387292861937
2.7424888515472414
2.670000925064087
2.787889847755432
2.757761836051941
2.7004784393310546
2.7319326162338258
2.7251192331314087
2.7250243043899536
2.662868814468384
2.7242269277572633
2.68697847366333
2.7170373487472532
2.634139270782471
2.719814419746399
2.7170721769332884
2.6673767948150635
2.709918260574341
2.7160616016387937
2.6686535549163817
2.717581286430359
2.7273385906219483
2.7677147006988525
2.7073542642593384
2.7138675451278687
2.72634735584259
2.7398920917510985
2.6792748594284057
2.7345378971099854
2.7306477212905884
2.737121415138245
2.811794123649597
2.7455478620529177
2.725487079620361
2.6992027521133424
2.677474479675293
2.714534673690796
2.7415196323394775
2.7211334466934205
2.7265765476226806
2.7111606979370118
2.732382116317749
2.7199362659454347
2.7698986959457397
2.7014026069641113
2.7042228984832763
2.7480578899383543
2.7035548067092896
2.698423671722412
2.6938221883773803
2.7318917083740235
2.6301039695739745
2.735310196876526
2.6770148515701293
2.6774096393585207
2.703350348472595
2.746591577529907
2.710348300933838
2.646141986846924
2.757952289581299
2.7248190879821776
2.71267716884613
2.6723123264312743
2.745286993980408
2.7366992139816286
2.731568546295166
2.754719543457031
2.6550481796264647
2.7175460290908813
2.6960676097869873
3.300004963874817
2.7096047830581664
2.714419412612915
2.6945544242858888
2.708618149757385
2.683284206390381
2.7204371976852415
2.6696608686447143
2.6917399263381956
2.714340395927429
2.784455590248108
2.720646843910217
2.708399257659912
2.709861745834351
2.6832591104507446
2.6404201936721803
2.6584966468811033
2.710945391654968
2.6777001142501833
2.768206934928894
2.720601077079773
2.7589834547042846
2.690687551498413
2.686947646141052
2.704198122024536
2.691491346359253
2.7225968170166017
2.699928731918335
2.6940312004089355
2.7032002353668214
2.7111445474624634
2.737328290939331
2.7919625186920167
2.7033487796783446
2.671017050743103
2.7440242099761964
2.7144971609115602
2.7172257852554322
2.708301386833191
2.734819087982178
2.673570461273193
2.714349780082703
2.692420635223389
2.6445109367370607
2.7472447872161867
2.6880234575271604
2.715661630630493
2.7238149309158324
2.732812647819519
2.7260655879974367
2.7193218231201173
2.6563587951660157
2.6985284090042114
2.765567116737366
2.706845006942749
2.747581706047058
2.6739832162857056
2.691997766494751
2.735463285446167
2.7107320165634157
2.724746403694153
2.7167450904846193
2.7048817825317384
2.7445434617996214
2.7214871311187743
2.7024994850158692
2.7666697549819945
2.662825889587402
2.702343673706055
2.7416634130477906
2.6940626955032347
2.7255582094192503
2.70584352016449
2.6698640394210815
2.683687686920166
2.7008732748031616
2.6972716999053956
2.631817865371704
2.6899588203430174
2.7073589515686036
2.7210259532928465
2.739835720062256
2.7304629945755003
2.698215527534485
2.703186984062195
2.7135700941085816
2.7667026567459105
2.7251233196258546
2.713441767692566
2.698530144691467
2.7148756408691406
2.6816982650756835
2.7137520933151245
2.7020119714736937
2.6948065996170043
2.7407033967971803
2.755178680419922
2.7387395095825195
2.724121718406677
2.720324645042419
2.710433855056763
2.6803170824050904
2.7440099906921387
2.7156794929504393
2.687732820510864
2.691221761703491
2.7118920564651487
2.727149715423584
2.7240441751480104
2.6927657175064086
2.716445631980896
2.75682119846344
2.6951091146469115
2.6828689765930176
2.6958441066741945
2.736341943740845
2.745884003639221
2.709790291786194
2.7217811155319214
2.6883778858184812
2.7335104179382324
2.6641441059112547
2.666134362220764
2.713505506515503
2.6478478860855104
2.746402006149292
2.7512558984756468
2.669714298248291
2.6906379318237303
2.679837498664856
2.7317766332626343
2.677109661102295
2.697359313964844
2.6915052461624147
2.7231869888305664
2.731866464614868
2.695590763092041
2.7217567586898803
2.782226505279541
2.7108929443359373
2.751051092147827
2.7401864099502564
2.7332492065429688
2.745065393447876
2.708150043487549
2.737562794685364
2.7242676067352294
2.7133478116989136
2.7025092029571534
2.706443009376526
2.74588942527771
2.6980702877044678
2.6833023500442503
2.7097784996032717
2.698363914489746
2.67593159198761
2.7590324211120607
2.656747999191284
2.6768107557296754
2.72124032497406
2.711436333656311
2.719826788902283
2.7516982698440553
2.7001271724700926
2.7572236490249633
2.695803165435791
2.6837550020217895
2.6584426307678224
2.7240073013305666
2.666746563911438
2.695044226646423
2.76634850025177
2.7234097051620485
2.6688605546951294
2.738178753852844
2.7157320404052734
2.7096434688568114
2.7121313858032225
