0.650653122663498
0.6413796281814576
0.645515775680542
0.6201663661003113
0.6418875062465668
0.6353246152400971
0.6462065374851227
0.6334716808795929
0.6402140510082245
0.6397937464714051
0.6399321049451828
0.6342188906669617
0.6434725999832154
0.629647661447525
0.6451378226280212
0.6367424476146698
0.6372194683551788
0.6541899728775025
0.6468801212310791
0.6379375195503235
0.629116325378418
0.6464622557163239
0.6460942852497101
0.6376356720924378
0.650179260969162
0.6582335662841797
0.6388161516189576
0.6500716292858124
0.6430248665809631
0.6442469930648804
0.6495933437347412
0.654521301984787
0.6625801682472229
0.6414279460906982
0.6491392779350281
0.6507798290252685
0.6543455326557159
0.6442693781852722
0.6494564616680145
0.6643130040168762
0.6619340193271637
0.650279289484024
0.6558585047721863
0.6547611808776855
0.6578251194953918
0.6464539039134979
0.6489885210990906
0.6599058580398559
0.6498179364204407
0.6430385196208954
0.6507720792293549
0.6353314816951752
0.6524835658073426
0.6510831022262573
0.6568532359600067
0.6584516608715058
0.655152131319046
0.6513850355148315
0.6460398006439209
0.6566474771499634
0.6507963490486145
0.6489700031280518
0.647756062746048
0.6441734564304352
0.6533248627185821
0.6464715397357941
0.6524539279937744
0.646332950592041
0.6499544250965118
0.6530044078826904
0.641753386259079
0.6480230009555816
0.6489204907417297
0.6426045382022858
0.6475745940208435
0.6438742619752884
0.6486194825172424
0.6591381990909576
0.6389520072937012
0.6450443375110626
0.6552367603778839
0.6584087103605271
0.6432946908473969
0.6538020479679107
0.6528427767753601
0.6641179013252259
0.6513710856437683
0.6400502514839173
0.6407756388187409
0.6610946786403656
0.6532074475288391
0.6539580714702606
0.650105311870575
0.6524150156974793
0.647386622428894
0.6587900948524475
0.6536387276649475
0.6560525190830231
0.667169440984726
0.6424046671390533
0.65325244307518
0.6642516469955444
0.644629682302475
0.6541984140872955
0.6463936722278595
0.6471808516979217
0.6587352585792542
0.6560698926448822
0.6547904205322266
0.655320565700531
0.6435824751853942
0.6510348117351532
0.646339625120163
0.6592774677276612
0.650296915769577
0.6544032394886017
0.6499801659584046
0.6535737037658691
0.6396603417396546
0.6621009039878846
0.6634564459323883
0.6498753249645233
0.6552126586437226
0.6517844212055206
0.6430682492256165
0.6583744955062866
0.6530350291728974
0.6585912013053894
0.6517021119594574
0.654457483291626
0.652993665933609
0.6584442329406738
0.6459239256381989
0.6499531853199005
0.6599811935424804
0.6556477248668671
0.6531303441524505
0.6587333488464355
0.6502160942554474
0.6498890149593354
0.6541825842857361
0.6501991486549378
0.6466911149024963
0.6624368488788605
0.6598151457309723
0.6514030873775483
0.6503487956523896
0.6548035097122192
0.6596580874919892
0.6598529040813446
0.6536946320533752
0.6655733156204223
0.6533199191093445
0.6593520665168762
0.6658285307884216
0.6655053424835206
0.666749210357666
0.6588327276706696
0.6724280607700348
0.6554842936992645
0.6667707419395447
0.6691390097141265
0.649206485748291
0.6508785831928253
0.648766348361969
0.6549445080757141
0.6527236187458039
0.6597584664821625
0.668407633304596
0.6656070005893707
0.6649626076221467
0.6681882989406586
0.6565542840957641
0.6548377668857575
0.6672252333164215
0.6519460141658783
0.6529204821586609
0.6515823590755463
0.6532370495796204
0.6502041089534759
0.6485146737098694
0.6582864904403687
0.6561682319641113
0.6543209600448608
0.6533961367607116
0.6642694771289825
0.6587559902667999
0.6677259314060211
0.6620908629894257
0.6580795776844025
0.6592784929275513
0.6586186933517456
0.6579077577590943
0.6537412583827973
0.6549326527118683
0.6559104001522065
0.6749055027961731
0.6667586266994476
0.6475649356842041
0.6359306693077087
0.6605515396595001
0.6493087196350098
0.6601240289211273
0.6520954477787018
0.6567068409919739
0.6535006844997406
0.653465769290924
0.6541001653671265
0.6464360702037811
0.6726085996627807
0.6638795280456543
0.6531753039360046
0.6587266325950623
0.6650056660175323
0.658724969625473
0.6493388724327087
0.6615589833259583
0.6679485726356507
0.6648070621490478
0.6598654580116272
0.6509872603416443
0.6521341288089753
0.6617738580703736
0.6590030658245086
0.6658813202381134
0.640146644115448
0.6571854448318482
0.6620711922645569
0.6610630869865417
0.6438908433914184
0.6579139041900635
0.6493330979347229
0.6603603708744049
0.6624324762821198
0.6453683578968048
0.6627010750770569
0.6595985209941864
0.660724972486496
0.6704906976222992
0.6553301250934601
0.6489300143718719
0.6727992403507232
0.6526255941390992
0.6675750029087066
0.653892023563385
0.6558803164958954
0.6584051287174225
0.6726601386070251
0.6505780088901519
0.6711028587818145
0.665328426361084
0.6656868100166321
0.6644678747653961
0.6665727651119232
0.6539457750320434
0.6690439081192017
0.6653167545795441
0.6857270908355713
0.6795740044116974
0.6643313324451446
0.675953540802002
0.6653690540790558
0.6742919242382049
0.6694872033596039
0.6597157621383667
0.6800444507598877
0.6575391006469726
0.6639245760440826
0.6622198915481567
0.6814551508426666
0.6637556707859039
0.6672959458827973
0.6691702628135681
0.6728481960296631
0.6775828886032105
0.6716452026367188
0.6728627896308899
0.6690771293640136
0.6721901655197143
0.6695551383495331
0.6758701956272125
0.6698858439922333
0.6737151336669922
0.6698253464698791
0.6655470097064972
0.6616288638114929
0.6624664545059205
0.684673924446106
0.6653365480899811
0.664398010969162
0.6679714810848236
0.679057686328888
0.6803707623481751
0.6710732007026672
0.6838167428970336
0.6770336329936981
0.674554830789566
0.6707768225669861
0.677861053943634
0.6732462954521179
0.6784683334827423
0.6699698913097382
0.6812252938747406
0.6749345529079437
0.6963715898990631
0.6821889424324036
0.6780457651615143
0.6686130654811859
0.6826764619350434
0.6661403322219849
0.6775907588005066
0.6722847175598144
0.6721189951896668
0.6736423707008362
0.682393501996994
0.6732411587238312
0.6703302586078643
0.6729987251758576
0.6739537155628205
0.6794047486782074
0.6696776831150055
0.6699596524238587
0.6755719017982483
0.6672576642036439
0.6620720064640045
0.6705139625072479
0.6744612479209899
0.6772019004821778
0.6841593611240387
0.6900997197628022
0.677044620513916
0.6729683351516723
0.6737996006011963
0.6765587270259857
0.6641552782058716
0.6812453138828277
0.6770009195804596
0.6779391610622406
0.6701419186592102
0.6809014546871185
0.6676542389392853
0.6689002978801727
0.681982650756836
0.6758876276016236
0.6714305877685547
0.6685875117778778
0.6798812544345856
0.6685903930664062
0.6767873191833496
0.6800859332084656
0.6829528570175171
0.6821587765216828
0.6740394842624664
0.6765254509449005
0.6867244184017182
0.6711576175689697
0.6798521089553833
0.6759115254878998
0.6868956077098847
0.6699069011211395
0.6810104513168335
0.6910987949371338
0.6789231133460999
0.6757705938816071
0.6656836676597595
0.6741677391529083
0.6909228682518005
0.6743073666095734
0.6789519834518433
0.6679828751087189
0.6847329437732697
0.6847736477851868
0.6899071717262268
0.6754596090316772
0.6828553366661072
0.6787903499603272
0.6926251685619355
0.6760576593875885
0.6745343053340912
0.6808147358894349
0.6843293738365174
0.672434868812561
0.6765976202487946
0.6733396863937378
0.6753441405296325
0.6650644314289093
0.6808890092372895
0.6825575196743011
0.6750689542293549
0.6681258392333984
0.675063111782074
0.6758707475662231
0.6750039494037628
0.670169814825058
0.6770186793804168
0.6793241858482361
0.677411527633667
0.6867965126037597
0.6768095803260803
0.6792795896530152
0.6789446818828583
0.6699242627620697
0.6870963311195374
0.6738351702690124
0.6547638726234436
0.6782989144325257
0.6713713729381561
0.6835334038734436
0.6813898003101349
0.6782909286022186
0.6844726622104644
0.6744283616542817
0.6795792186260223
0.6764899206161499
0.6771257889270782
0.6748106873035431
0.685367659330368
0.6851550424098969
0.6738081550598145
0.6760638761520386
0.6736516416072845
0.6913293635845185
0.6847741973400115
0.6762959825992584
0.6811076951026916
0.6771049964427948
0.6822492182254791
0.6825920295715332
0.6817815983295441
0.6764394724369049
0.6775177133083343
0.6774931168556213
0.6814949691295624
0.6784144198894501
0.6770411372184754
0.6645640373229981
0.6863897705078125
0.6746882545948029
0.6624511384963989
0.685095636844635
0.6982190084457397
0.6818173551559448
0.6879460000991822
0.6741116857528686
0.6859397447109222
0.6778154242038726
0.6664720118045807
0.674326936006546
0.6686732053756714
0.67425177693367
0.6799195945262909
0.6879985320568085
0.6734097743034363
0.6905913758277893
0.6686254811286926
0.6702728962898254
0.6762104809284211
0.6797202587127685
0.6762498199939728
0.674300171136856
0.6807438707351685
0.6731177365779877
0.6808596050739288
0.6687509083747863
0.6830637586116791
0.6743983173370361
0.6772541439533234
0.6768375587463379
0.6797685647010803
0.6717627465724945
0.6735541296005249
0.684846488237381
0.6750745356082917
0.6845577418804168
0.6773232185840606
0.6828685402870178
0.6793783116340637
0.6725164568424224
0.6772715485095978
0.6785351991653442
0.6571740424633026
0.6890311515331269
0.6728780996799469
0.6796171152591706
0.676455146074295
0.6835682809352874
0.6836237728595733
0.6799479949474335
0.6786698496341705
0.6791845750808716
0.672550050020218
0.6837527346611023
0.6869246089458465
0.6797986376285553
0.6752872228622436
0.6781567442417145
0.6764177048206329
0.6816675543785096
0.6836294388771057
0.6619043135643006
0.6772692060470581
0.680825629234314
0.6852696061134338
0.6806784558296204
0.6884033787250519
0.6760514903068543
0.684282455444336
0.678970308303833
0.6781260859966278
0.6792307448387146
0.6713224911689758
0.6786573946475982
0.6833536791801452
0.6787757837772369
0.6843540978431701
0.6893476462364196
0.6912559294700622
0.6737410759925843
0.6799752175807953
0.6875733149051666
0.6832463049888611
0.6930084037780762
0.6777925908565521
0.6806625127792358
0.6693039107322692
0.6809811210632324
0.6695898270606995
0.6816820323467254
0.6807410144805908
0.6715337061882019
0.6756661581993103
0.6765950584411621
0.681691507101059
0.6783726596832276
0.677363543510437
0.6828699016571045
0.6717087137699127
0.7000728237628937
0.6789723920822144
0.6839308118820191
0.6771341598033905
0.6870550096035004
0.6836903083324433
0.6848742425441742
0.6782103633880615
0.6740510559082031
0.6782832479476929
0.6663763523101807
0.6809998261928558
0.6786775243282318
0.6795192694664002
0.6832141399383544
0.6798366558551788
0.6755661332607269
0.6914163982868194
0.672138843536377
0.6792080008983612
0.6912420201301575
0.6823740375041961
0.6792179322242737
0.681708369255066
0.679398946762085
0.6714152574539185
0.6835658752918243
0.6747919857501984
0.6843306183815002
0.6844546985626221
0.6679402625560761
0.6810706758499145
0.676620751619339
0.6725478553771973
0.6833181846141815
0.6798721492290497
0.6762436127662659
0.6784318542480469
0.6865487825870514
0.689474469423294
0.6702937042713165
0.6817706751823426
0.6774988877773285
0.6749481940269471
0.6816811954975128
0.6763943028450012
0.6797254025936127
0.6765926373004914
0.679264805316925
0.6798897016048432
0.6805582678318024
0.6830581319332123
0.6858631873130798
0.6861752307415009
0.6859555304050445
0.6606133937835693
0.6784050786495208
0.6687682092189788
0.6959531915187835
0.6783443653583526
0.6816088652610779
0.689321528673172
0.6857610583305359
0.6877998030185699
0.6687740159034729
0.6822812819480896
0.6887537741661072
0.6829055750370026
0.6847956991195678
0.6804806816577912
0.675997508764267
0.6814134597778321
0.6752054274082184
0.6775741720199585
0.6879306006431579
0.681681364774704
0.6739178097248077
0.6787123930454254
0.6877296555042267
0.6902744734287262
0.6879255282878876
0.6884927988052368
0.6868567967414856
0.6810846114158631
0.6823244667053223
0.6681614375114441
0.6753252589702606
0.6853627014160156
0.6769755089282989
0.6771057069301605
0.6842214012145996
0.6761116969585419
0.6731605899333953
0.6817119717597961
0.6854527604579925
0.6840751528739929
0.6772799873352051
0.6842789614200592
0.6970121610164642
0.6929834830760956
0.6901852917671204
0.6852397704124451
0.6809344422817231
0.661886785030365
0.677416307926178
0.6789639317989349
0.6761663568019867
0.6842431271076203
0.6879746961593628
0.6780049335956574
0.6771330058574676
0.6891315877437592
0.6996855795383453
0.6847400510311127
0.6812420022487641
0.6852653491497039
0.6757779324054718
0.6800234305858612
0.6826986074447632
0.6796673476696015
0.6690507811307908
0.6899931609630585
0.6838421678543091
0.6802460038661957
0.6843608474731445
0.6898630666732788
0.6824658048152924
0.6711183834075928
0.6863943290710449
0.6782593762874604
0.6755297458171845
0.678617879152298
0.6714122235774994
0.698110853433609
0.6796225285530091
0.6780575788021088
0.6847991561889648
0.685885306596756
0.6853887808322906
0.6858492219448089
0.6808492922782898
0.6904529464244843
0.6860976767539978
0.6792672526836395
0.6612551355361939
0.6771344828605652
0.6861207795143127
0.6768278038501739
0.680319983959198
0.6825192999839783
0.6840604937076569
0.6741096985340118
0.6825745248794556
0.6809809529781341
0.6806194543838501
0.6869959425926209
0.6760714268684387
0.673519161939621
0.688990387916565
0.6781878411769867
0.68197314620018
0.680102710723877
0.6756848227977753
0.6756535148620606
0.6710030281543732
0.6886150395870209
0.6630448865890503
0.6812921059131622
0.6847602033615112
0.66394047498703
0.6875435686111451
0.682712494134903
0.6649082350730896
0.6895636940002441
0.6727616667747498
0.6839352667331695
0.6800710117816925
0.6941465723514557
0.6811493027210236
0.6801231813430786
0.6728166437149048
0.6736545825004577
0.6856616353988647
0.67085968375206
0.680968017578125
0.6742102706432342
0.6816481578350068
0.676496444940567
0.6745006608963012
0.6803927087783813
0.6691292178630829
0.6711649680137635
0.6867189192771912
0.6730810308456421
0.6876102590560913
0.6851617789268494
0.685344101190567
0.6848269736766815
0.681889362335205
0.6899794161319732
0.6943756675720215
0.6897793436050415
0.6752153182029724
0.6778642261028289
0.6771195530891418
0.6792573666572571
0.6838974583148957
0.6786999583244324
0.6903452491760254
0.6810522174835205
0.6878602528572082
0.6768782651424408
0.6736835741996765
0.6799507641792297
0.6853629863262176
0.677814679145813
0.6784750604629517
0.6814620625972748
0.6809167885780334
0.6814482641220093
0.6794802749156952
0.6837695717811585
0.6876258480548859
0.6677954947948456
0.6834691369533539
0.6848740088939667
0.6896023130416871
0.6891139709949493
0.6787084269523621
0.6716860616207123
0.6889363825321198
0.6874773824214935
0.68002117395401
0.6861105597019196
0.6915564906597137
0.6746885418891907
0.6781061971187592
0.6833355903625489
0.668723269701004
0.6749458634853363
0.6747800850868225
0.6672902154922485
0.6782326376438141
0.6891867482662201
0.694492781162262
0.6702728307247162
0.687299907207489
0.6792266356945038
0.6893739354610443
0.6772112226486207
0.680200217962265
0.6810360372066497
0.6992638981342316
0.6783378672599792
0.6783817076683044
0.6790956926345825
0.6855837345123291
0.6767264950275421
0.6787586069107056
0.6836946201324463
0.6786103904247284
0.6787059915065765
0.6860753107070923
0.6903129589557647
0.674067645072937
0.6893207406997681
0.6705726325511933
0.6963975524902344
0.6892750096321106
0.6810756611824036
0.6728058159351349
0.6878209638595582
0.6769865775108337
0.680857926607132
0.6800291800498962
0.6683011519908905
0.6844561457633972
0.6886900198459626
0.6805403482913971
0.6732775330543518
0.6862172484397888
0.6803440999984741
0.6898549401760101
0.6708835089206695
0.6740274524688721
0.6727082824707031
0.6756557381153107
0.6642656743526458
0.6701138758659363
0.6760795950889588
0.6803883111476898
0.6886157166957855
0.6775231921672821
0.6754873335361481
0.6855607557296753
0.6907809054851533
0.6904428935050965
0.6734826648235321
0.6889624571800232
0.6869109725952148
0.6763169825077057
0.6751179206371307
0.6938116919994354
0.6729771888256073
0.6774363720417023
0.6706475841999054
0.674546719789505
0.6865078616142273
0.673066782951355
0.6750402283668518
0.6829829275608063
0.6812602412700653
0.6908884119987487
0.6726136004924774
0.697359482049942
0.6924290442466736
0.6866101348400115
0.6776327335834503
0.6733479475975037
0.6986765360832214
0.6706736481189728
0.6868449413776397
0.6770407152175903
0.6955403292179108
0.6801298332214355
0.6935851967334747
0.6855300831794738
0.6815753018856049
0.6770089864730835
0.6864243793487549
0.6780950820446014
0.6791635310649872
0.6794080269336701
0.6752072548866273
0.6793228435516357
0.6858393454551697
0.685332852602005
0.678848751783371
0.6794627594947815
0.6782882583141326
0.6759283995628357
0.6816443574428558
0.67397864818573
0.6772474372386932
0.6728941679000855
0.6869524466991425
0.68565358877182
0.669587984085083
0.6662709200382233
0.6815114796161652
0.6949782538414001
0.6837531757354737
0.6913042807579041
0.6814721375703812
0.6888730132579803
0.6874320876598358
0.6769966006278991
0.6785238885879517
0.6856812083721161
0.6793460476398469
0.6837918221950531
0.6814152956008911
0.6848135089874268
0.6806572437286377
0.6813039696216583
0.6769259929656982
0.6751457262039184
0.6822907435894012
0.6769169914722443
0.6782192242145538
0.68066113114357
0.6882145631313324
0.6876601302623748
0.6753530240058899
0.6934128773212432
0.6870759093761444
0.6887934708595276
0.6837781178951263
0.6819673299789428
0.6847059285640716
0.6747456884384155
0.677723559141159
0.6688158357143402
0.6840463030338287
0.6952715873718261
0.672023012638092
0.6792539393901825
0.6695355081558227
0.6918802011013031
0.680690495967865
0.679694299697876
0.6845072436332703
0.6806399571895599
0.6772875952720642
0.6809396159648895
0.6920567667484283
0.6830836760997773
0.6822652673721313
0.6724568235874177
0.6830891990661621
0.6733152079582214
0.6723504006862641
0.694534193277359
0.6806540954113006
0.682453635931015
0.6804835903644562
0.677801342010498
0.6865460324287415
0.6631727683544159
0.6821636569499969
0.6798904645442962
0.6768451988697052
0.6864491856098175
0.6790267777442932
0.6833519053459167
0.6754367887973786
0.6771814286708832
0.6750213730335236
0.6800078344345093
0.6751032245159149
0.6859419190883637
0.6743896198272705
0.6702629089355469
0.6728537237644195
0.6780716502666473
0.6796897685527802
0.6863659358024597
0.6737248623371124
0.6873379874229432
0.677500923871994
0.6725285708904266
0.6866291213035584
0.6774127793312072
0.683449330329895
0.6785296177864075
0.6778013527393341
0.6776564717292786
0.6914559614658355
0.7015028440952301
0.6823626840114594
0.6941311967372894
0.6706684982776642
0.692156275510788
0.6832450425624848
0.6750757718086242
0.6806533801555633
0.6811360764503479
0.6820681655406952
0.6872305572032928
0.6798460078239441
0.6757133197784424
0.6830659437179566
0.6744871139526367
0.6740544319152832
0.6824938893318176
0.6910324811935424
0.6771522676944732
0.6753467524051666
0.6778687119483948
0.6710103809833526
0.6864634156227112
0.6829523456096649
0.6958358550071716
0.679355320930481
0.6782906234264374
0.6832269597053527
0.6864573645591736
0.6913331723213196
0.6785520839691163
0.6762410604953766
0.6827531826496124
0.6787269484996795
0.6817723333835601
0.6815613043308258
0.690191650390625
0.6750712203979492
0.6832967913150787
0.6844124841690064
0.671083869934082
0.6889835691452026
0.6778749203681946
0.6769251728057861
0.6896278023719787
0.6758645713329315
0.6769599771499634
0.6923093986511231
0.6765481281280518
0.6778237652778626
0.6949633598327637
0.6812376797199249
0.6880106508731842
0.6754256498813629
0.6887426269054413
0.6718828189373016
0.6774493825435638
0.6691993236541748
0.6913007283210755
0.6586125528812409
0.6652914464473725
0.6740441036224365
0.6843850958347321
0.697514282464981
0.6737488901615143
0.6733588922023773
0.6850349450111389
0.68725909948349
0.6750192630290985
0.6819057583808898
0.6825909733772277
0.6697976469993592
0.6769431293010711
0.6782651031017304
0.680690268278122
0.6696358525753021
0.6787800073623658
0.6888410437107086
0.6826311111450195
0.6871450126171113
0.6841739690303803
0.6790788567066193
0.681274139881134
0.678261388540268
0.6761040318012238
0.6769150722026825
0.6807531177997589
0.6877000784873962
0.6706937301158905
0.6697331702709198
0.6825784683227539
0.679399597644806
0.6697282016277313
0.6686318802833557
0.6717194223403931
0.6700086164474487
0.6774777853488922
0.6807358360290527
0.6800600636005402
0.6917988777160644
0.6780125844478607
0.6740380680561066
0.6823559820652008
0.6808867466449737
0.6764212346076965
0.6792571830749512
0.687386873960495
0.6761701881885529
0.6760003018379211
0.6767244505882263
0.6797315895557403
0.6655870699882507
0.6844212865829468
0.675131014585495
0.6673848807811738
0.6867188882827758
0.6747820723056793
0.6839981985092163
0.6878993463516235
0.6869643139839172
0.6774117958545685
0.6911929404735565
0.6683922350406647
0.6692532479763031
0.6928022003173828
0.6828384339809418
0.6798726117610931
0.6749179172515869
0.6739189553260804
0.6785682308673858
0.6889343452453613
0.6779230391979217
0.6811380898952484
0.6769279015064239
0.6764410293102264
0.682323294878006
0.688486956357956
0.690838440656662
0.6792904686927795
0.6909000802040101
0.6794078195095062
0.677061710357666
0.6809640038013458
0.6870789778232574
0.6882484591007233
0.6797292828559875
0.677880630493164
0.6767437756061554
0.6829682004451751
0.6755549728870391
0.6804809641838073
0.6835806035995483
0.6682479119300843
0.6817960464954376
0.6830117106437683
0.6758048784732819
0.6702468729019165
0.6769097018241882
0.6750381958484649
0.6794653022289276
0.6720946085453033
0.6795433962345123
0.6801539230346679
0.6729904627799987
0.6792345535755158
0.6809470164775848
0.6942804479598998
0.6747112929821014
0.6862717950344086
0.6627541780471802
0.6827461302280426
0.6815970456600189
0.6844386219978332
0.6760936570167542
0.6807267463207245
0.6802430915832519
0.6834614205360413
0.6751855826377868
0.6714663422107696
0.6779488682746887
0.6757033467292786
0.6782229375839234
0.6737378096580505
0.675760428905487
0.6690287244319916
0.6836099302768708
0.6813075602054596
0.6951198482513428
0.680454409122467
0.6897421836853027
0.6916959536075592
0.6954213416576386
0.6741504859924317
0.6795238196849823
0.6841313374042511
0.6771611082553863
0.6925612902641296
0.6856870341300965
0.6845452237129211
0.6942223048210144
0.6784244430065155
0.6754644572734833
0.667574702501297
0.6769259810447693
0.6737880885601044
0.6744161069393158
0.6836638820171356
0.6825672256946563
0.680985654592514
0.6822935485839844
0.6713733339309692
0.6959923958778381
0.6914373111724853
0.6811627912521362
0.6959230649471283
0.6672156023979187
0.6689212512969971
0.6789307773113251
0.672743901014328
0.6776702654361725
0.676609548330307
0.6850025522708892
0.675974348783493
0.6819967412948609
0.6805779623985291
0.6733804261684417
0.6728323352336884
0.6814898252487183
0.6838612473011016
0.6900945317745208
0.6769477105140687
0.6685785615444183
0.6882064628601074
0.6754771661758423
0.6790849554538727
0.6752283990383148
0.6854867613315583
0.684186270236969
0.6814205932617188
0.6858397424221039
0.6867287671566009
0.6889479589462281
0.6813057589530945
0.6747866928577423
0.6794635713100433
0.6776506781578064
0.6899546921253205
0.6810656535625458
0.676234381198883
0.6658982706069946
0.6736035084724427
0.6812477469444275
0.6851482546329498
0.684894198179245
0.6696847546100616
0.6686535739898681
0.6759438526630401
0.6720696377754212
0.6895196568965912
0.6713260686397553
0.6719849741458893
0.6974359285831452
0.6843604350090027
0.6832789695262909
0.686348226070404
0.661949691772461
0.6727976727485657
0.6801112687587738
0.6872385466098785
0.6862960016727447
0.6780215358734131
0.6655325436592102
0.6830714702606201
0.6783417379856109
0.6850495851039886
0.6803294861316681
0.6726691067218781
0.6852798414230347
0.6839579212665557
0.6773647403717041
0.6811755669116973
0.6803927302360535
0.6699999034404754
0.6772679853439331
0.6892134666442871
0.6834012329578399
0.690132246017456
0.6799446713924407
0.6868970715999603
0.6739486920833587
0.6720751368999481
0.6762016499042511
0.6812991905212402
0.6820161390304565
0.6778098726272583
0.6583677434921265
0.6831924104690552
0.687051008939743
0.6819909071922302
0.6805344903469086
0.6781626272201539
0.690213987827301
0.6826345944404602
0.674678612947464
0.6875951635837555
0.6809481883049011
0.6845814001560211
0.6713844215869904
0.6753827559947968
0.6768251883983613
0.6711707639694214
0.6878645777702331
0.6798195111751556
0.6784761619567871
0.6933286273479462
0.6748485147953034
0.6743814623355866
0.6663742923736572
0.6852964580059051
0.681644297838211
0.6758737027645111
0.680053768157959
0.680095933675766
0.6812352764606476
0.6833834111690521
0.6840610039234162
0.6654413485527039
0.6777280890941619
0.6837321376800537
0.6861559426784516
0.6876296353340149
0.6831463027000427
0.6900508069992065
0.6751668238639832
0.6677820086479187
0.6691909325122833
0.6746623754501343
0.6890858328342437
0.6782702541351319
0.669617075920105
0.6700354313850403
0.6803906190395356
0.6799393248558044
0.6728687822818756
0.6884108293056488
0.6904977297782898
0.6736462831497192
0.6872982680797577
0.6931895256042481
0.6805433988571167
0.6954725229740143
0.6867820417881012
0.6748813378810883
0.6691764843463898
0.6644391763210297
0.6622818410396576
0.6747765231132508
0.6817837822437286
0.685745677947998
0.6748734104633332
0.6685926330089569
0.6782881307601929
0.6826464879512787
0.6718588602542878
0.6767746043205262
0.6692598176002502
0.6834260976314545
0.6839756727218628
0.6788922739028931
0.670272855758667
0.6872798216342926
0.6795288932323456
0.6798073196411133
0.6783378410339356
0.6723448932170868
0.6668065106868744
0.6730001616477966
0.6949392259120941
0.673595370054245
0.6775048565864563
0.6870259237289429
0.671580147743225
0.6686305034160615
0.664915726184845
0.6709968960285186
0.664693011045456
0.6813552641868591
0.6796812069416046
0.6842370331287384
0.6865018558502197
0.6685796070098877
0.6688651084899903
0.6859158957004547
0.678251497745514
0.6810366988182068
0.67509925365448
0.6828146624565125
0.6872205448150634
0.6840619194507599
0.6851888906955719
0.6713638162612915
0.6777708423137665
0.6776113593578339
0.6785387694835663
0.6779531896114349
0.6790678358078003
0.6795350670814514
0.6847872805595397
0.6971640610694885
0.6825406575202941
0.6764598166942597
0.6784951615333558
0.6823236274719239
0.683873862028122
0.6829485082626343
0.6850196266174317
0.6827679347991943
0.6877938437461854
0.6751843523979187
0.6724518501758575
0.6870296359062195
0.6835660696029663
0.6775940442085266
0.6763323664665222
0.6770234298706055
0.6746475541591644
0.6745985698699951
0.6774777579307556
0.669812605381012
0.6794412755966186
0.6793234932422638
0.6806275928020478
0.6766299152374268
0.6822213089466095
0.6807715725898743
0.6768488240242004
0.6810589015483857
0.6685019600391388
0.6785271763801575
0.674170047044754
0.6714456427097321
0.6857121014595031
0.6857739651203155
0.6854019343852997
0.6870177233219147
0.6885437762737274
0.6759173226356506
0.6770989871025086
0.6720549750328064
0.6792614364624023
0.6746472132205963
0.6763459479808808
0.6794044744968414
0.6588816833496094
0.6720140862464905
0.6827696192264557
0.6780256724357605
0.6798579144477844
0.6787945032119751
0.6715198969841003
0.679491536617279
