0.15042045280337335
0.14881076246500016
0.15070355474948882
0.15125218093395232
0.14948597699403762
0.14756780579686166
0.149623082280159
0.1491938653588295
0.15036916390061378
0.15306985437870024
0.15314707338809966
0.1510173749923706
0.153893184363842
0.15209390789270402
0.15036353528499602
0.149989722520113
0.14972309336066247
0.14790293484926223
0.152464047819376
0.15036813035607338
0.14991809979081153
0.1478482410311699
0.1505485799908638
0.14773202568292618
0.1501953637599945
0.14506962716579438
0.15082327634096146
0.14950687944889068
0.14773218154907228
0.14882614970207214
0.14910777032375336
0.14707952812314035
0.1468530084192753
0.14499183908104896
0.14967809557914735
0.14784106999635696
0.1435968092083931
0.1453028590977192
0.14497083097696303
0.14451187908649443
0.14531913086771964
0.14378966599702836
0.14411274522542952
0.1463038945198059
0.14705513715744017
0.14751874655485153
0.14626402765512467
0.14426814660429954
0.14408922255039214
0.14441017493605612
0.1457475793361664
0.1475728142261505
0.14360976904630662
0.14371222734451294
0.14156150698661804
0.1412920132279396
0.14375294387340545
0.14408051818609238
0.14280381307005882
0.14226898521184922
0.14485877096652985
0.14276988863945006
0.14231326401233674
0.14069111675024032
0.14067337349057196
0.14178089052438736
0.14511964991688728
0.14543463796377182
0.14160276249051093
0.144549178481102
0.14190662711858748
0.14483963698148727
0.1434028872847557
0.14151264145970344
0.14176894575357438
0.1454070219397545
0.14292053669691085
0.14270276814699173
0.13980742812156677
0.1430063846707344
0.14366148456931113
0.1415139226615429
0.14170366272330284
0.14112933844327927
0.14180062651634218
0.14216649919748306
0.14172466188669205
0.1418752509355545
0.14244095027446746
0.14202387899160385
0.1408357611298561
0.14098112136125565
0.14384152308106424
0.14077806442975999
0.14195742666721345
0.14158846467733383
0.14105962291359903
0.14244958609342576
0.13950146943330766
0.1423812898993492
0.138792704641819
0.13923369973897934
0.14111586511135102
0.1409508591890335
0.14115555629134177
0.14116623744368553
0.1406019765138626
0.13916170015931129
0.13927774012088776
0.14030291616916657
0.14011313080787657
0.13897792711853982
0.1427253107726574
0.1369492593407631
0.14141480788588523
0.139569321423769
0.13987084418535234
0.13943709000945093
0.13963782355189325
0.13881598502397538
0.14131124347448348
0.14338488325476648
0.1413330478966236
0.13841264352202415
0.1405806389451027
0.14116405606269836
0.14257786840200423
0.14031222522258757
0.13968177527189254
0.1403951494395733
0.14040947571396828
0.13909973978996276
0.1397811810672283
0.13975230753421783
0.13876910954713823
0.139261417388916
0.14022513046860696
0.13805367812514305
0.13949923500418662
0.14097097530961036
0.1392305687069893
0.13793500512838364
0.13966675341129303
0.14033598884940146
0.13891531825065612
0.1392014916241169
0.1372110104560852
0.13880133152008056
0.13684967219829558
0.1393204852938652
0.1397407254576683
0.1383962981402874
0.13683127820491792
0.13857745423913
0.13675764709711075
0.13793429270386695
0.13954545319080353
0.14082467749714853
0.14015711858868599
0.137914077937603
0.13890144482254982
0.13843287751078606
0.1380815762281418
0.13578830748796464
0.13909171268343926
0.1376096448302269
0.14026604309678078
0.13688403964042664
0.1379933923482895
0.1390765516459942
0.13974277824163436
0.1380679315328598
0.13968191653490067
0.13573981508612631
0.13730962693691254
0.13698715329170227
0.13983265906572342
0.13899343192577363
0.13861146524548532
0.1382100448012352
0.1389283135533333
0.13796111896634103
0.13596469596028327
0.139268616437912
0.13955948799848555
0.13760127887129783
0.13675312846899032
0.13967765003442764
0.135954672396183
0.1382850305736065
0.13690558761358262
0.1386210611462593
0.1351015491783619
0.13841106936335565
0.1356361199915409
0.1352121898531914
0.1348422585427761
0.13599828019738197
0.13838062301278115
0.13913372203707694
0.13516854494810104
0.13976201936602592
0.13881518006324767
0.1393178430199623
0.13528472408652306
0.13816289037466048
0.13554124146699906
0.13718485310673714
0.13849384486675262
0.13411427691578864
0.13535572960972786
0.13618172094225883
0.1366899600625038
0.13627684250473976
0.1369014398753643
0.13757578924298286
0.13621886909008027
0.1363201743364334
0.13384525403380393
0.13544273793697356
0.13659951686859131
0.13376247361302376
0.13682394117116928
0.13446851193904877
0.13155187144875527
0.1347134728729725
0.13502252355217934
0.1343150806427002
0.13195677131414413
0.13377431839704512
0.13222654908895493
0.1316988243162632
0.13146360382437705
0.13199854359030724
0.13429395765066146
0.13193265751004218
0.13159285455942155
0.13083375230431557
0.13184811010956765
0.1266906100511551
0.12923117354512215
0.12392101675271988
0.12530784651637078
0.12477166503667832
0.1265374094247818
0.12855131283402443
0.12403636991977691
0.12655683234333992
0.12871026888489723
0.12513568848371506
0.1265984857082367
0.12300775408744812
0.1268609184026718
0.11950643852353096
0.12279915243387222
0.11462635770440102
0.12391068890690804
0.11897387772798539
0.11793039441108703
0.11321928970515728
0.10448108792304993
0.11614597216248512
0.11849474087357521
0.11777235999703407
0.10925116449594498
0.11201334953308105
0.10813055619597435
0.10925489276647568
0.11194760546088219
0.10919432297348976
0.110307732000947
0.10980118110775948
0.11943606570363045
0.10972017899155617
0.10709111839532852
0.11138370499014855
0.11015871912240982
0.11164054661989212
0.11040101505815983
0.1055049279332161
0.10560098096728325
0.10462773524224758
0.10516612589359284
0.10644479513168335
0.10095346324145794
0.10478848904371262
0.10306298330426217
0.10747756436467171
0.09952861741185189
0.10215294577181339
0.09978546388447285
0.09984675779938698
0.09510935552418232
0.10008665859699249
0.10367766231298446
0.10052178725600243
0.09898318141698838
0.10571708269417286
0.10927248135209083
0.10355532430112362
0.0967914428561926
0.09720725588500499
0.10334466867148877
0.09904444925487041
0.10087148502469062
0.10561243623495102
0.10292780891060829
0.09765708774328231
0.09657373823225499
0.10617336541414261
0.10334437608718872
0.10206167332828045
0.09954765640199184
0.09462734654545785
0.09857245638966561
0.09723377116024494
0.0928831521421671
0.0988748437166214
0.09642626605927944
0.0996173295378685
0.09425788432359695
0.09122025698423386
0.09628784917294979
0.0956626883894205
0.09401725813746452
0.10004758656024933
0.09918975658714771
0.09698263108730316
0.10038790106773376
0.10138528324663638
0.09489732012152671
0.08992882587015628
0.10188532821834087
0.10982299089431763
0.09561297379434108
0.09532673202455044
0.09018337622284889
0.0988329891115427
0.09663253925740718
0.08903098009526729
0.09211922720074654
0.1019575010240078
0.10019990563392639
0.09394097536802291
0.09353053227066993
0.09804284803569317
0.09853448152542114
0.09876041762530803
0.09433471828699112
0.09390646606683731
0.09348081856966019
0.09493369892239571
0.09887916542589664
0.09147405847907067
0.09273076876997947
0.09408533044159412
0.09219809770584106
0.09185820378363133
0.10085418179631234
0.09330476909875869
0.09241206876933575
0.1007509669661522
0.10438645109534264
0.09481239050626755
0.09481635138392448
0.09362072922289372
0.09546958819031716
0.09288565300405026
0.09573333308100701
0.09647165589034558
0.09401689901947975
0.09466568544507027
0.09715106844902038
0.09683294110000133
0.09068046607077122
0.09536732740700245
0.09495453283190727
0.09165287800133229
0.08946605265140534
0.08983596920967102
0.0913522668927908
0.09197431556880474
0.08839785546064377
0.0907420989125967
0.09342401087284088
0.0953864298760891
0.09019737012684345
0.09655941367149352
0.09200767271220683
0.09434801615774631
0.09209742277860641
0.09272981278598308
0.09722078435122966
0.09222588181495667
0.09400189340114594
0.09417060755193234
0.09191645875573158
0.09404436893761157
0.09540371224284172
0.09592480190098286
0.09245581328868865
0.08488048374652862
0.08720312476158142
0.09286093577742577
0.09293231688439846
0.09194636993110179
0.09576943144202232
0.08418302439153194
0.09231806792318821
0.09896427810192109
0.0870240382105112
0.09392739221453666
0.09207084186375142
0.08806264944374562
0.08874093964695931
0.0955612013489008
0.08830326929688453
0.09443872593343258
0.08782405264675618
0.08796053290367127
0.09269378088414669
0.09260280333459377
0.09483252473175525
0.09458189353346824
0.09130613453686237
0.08652330115437508
0.09053657561540604
0.09289045542478562
0.08600457169115544
0.09247283831238746
0.09211749359965324
0.08764004431664944
0.08603662803769112
0.09604263111948967
0.09063035249710083
0.08422728396952152
0.09145771868526936
0.09394988462328911
0.08971674107015133
0.08850419953465462
0.09915142782032489
0.09901773959398269
0.08333083175122738
0.08467669010162354
0.09439354084432125
0.0914360073953867
0.09312035068869591
0.08556853488087654
0.09345505781471729
0.09321291267871856
0.09062468327581882
0.09309994086623191
0.0906383903324604
0.09132404774427413
0.08869159884750843
0.0928651051223278
0.08871682986617088
0.08850061565637589
0.09011967651546002
0.08494125857949257
0.0942799936234951
0.0934033938497305
0.08409717127680778
0.08754405833780765
0.09350746132433414
0.09238838411867618
0.08904088996350765
0.08406962342560291
0.0917815836519003
0.08658024482429028
0.08559941604733468
0.08878803484141827
0.09358450382947922
0.08685141876339912
0.091027427688241
0.09334660321474075
0.08540733091533184
0.08157700560986995
0.08918099910020828
0.09259752079844474
0.08180890008807182
0.08687847271561623
0.08350357323884965
0.0837006552517414
0.09128309220075607
0.09451091736555099
0.08055463746190071
0.08966983869671821
0.09055015206336975
0.08161121174693108
0.08538096122443677
0.087191481590271
0.08469581559300422
0.08354902409017086
0.09133139863610268
0.08180464617908001
0.08208759553730488
0.09435130782425404
0.08710454784333706
0.0892124130576849
0.08520185217261314
0.08702306471765041
0.08714283592998981
0.09254639647901058
0.08529929801821709
0.08624860413372516
0.09017299503087997
0.08434768438339234
0.09378008842468262
0.09140109695494175
0.08869586415588855
0.08298936471343041
0.08920441068708897
0.08910572282969952
0.0911342441290617
0.0897556359320879
0.0820496417582035
0.0826011836528778
0.0905909487605095
0.09118548169732094
0.08907208129763604
0.08574307739734649
0.08592294201254845
0.08698692597448826
0.08281772688031197
0.08972150065004826
0.08444425396621227
0.08336625292897225
0.0833686538785696
0.09122259132564067
0.09130434334278106
0.08370266564190387
0.08234166607260704
0.08724884994328022
0.07963567778468132
0.0832157138735056
0.08534634672105312
0.08389744073152543
0.08212730959057808
0.08841416418552399
0.08223727773874998
0.08696693606674671
0.0854662823677063
0.08278783395886422
0.08708212152123451
0.08466922163963318
0.07983827926218509
0.08401831947267055
0.08683953493833542
0.08731025502085686
0.08265651419758796
0.08590918712317944
0.08981588944792747
0.0911582027375698
0.08984929144382477
0.08173579432070255
0.08648210391402245
0.0861584909260273
0.08355692982673645
0.0832198229432106
0.08971457190811634
0.08752531625330448
0.08330400675535202
0.08864404834806919
0.08332674056291581
0.08835403472185135
0.08900177970528603
0.08228071384131909
0.0821389002352953
0.08395211659371853
0.08729651011526585
0.08215895541012287
0.08434889391064644
0.07796856112778187
0.08209019504487515
0.0790035330504179
0.09183968923985958
0.08455578394234181
0.08091756127774716
0.08832688927650452
0.09071318633854389
0.08952021010220051
0.08433832347393036
0.08442400224506855
0.08919785343110562
0.07990111768245697
0.08400989718735218
0.09223706282675266
0.08156986109912395
0.09044232368469238
0.08480475537478924
0.08248836316168308
0.0846091315150261
0.08147870779037475
0.08199686534702778
0.0868318759649992
0.0872984578460455
0.0912430513650179
0.080638557523489
0.0844526307284832
0.08018021680414676
0.08530248656868934
0.08783392906188965
0.08310928471386432
0.08411668032407761
0.08729050956666469
0.08887962937355041
0.08476018123328685
0.08752150863409042
0.08533448658883572
0.08417885214090347
0.08111146360635757
0.08722937412559986
0.08465496361255646
0.08349576637148858
0.08430405169725418
0.09243835300207139
0.08442275121808052
0.08255207113921642
0.08601361438632012
0.08257771447300911
0.08460490219295025
0.0833230722695589
0.08511601366102696
0.08856046967208385
0.08657005161046982
0.08672223009169101
0.08897063359618188
0.08341829620301723
0.07879876017570496
0.08691473193466663
0.08036119006574154
0.08489946849644184
0.08269843146204948
0.082893855124712
0.08790520593523979
0.08682319059967995
0.08217141605913639
0.0885467191040516
0.08726192459464073
0.08476752623915672
0.08868549965322017
0.08376192510128021
0.08421072505414486
0.08339344896376133
0.08314086772501468
0.0829965579509735
0.08574934184551239
0.08011448629200459
0.08477248907089234
0.08707228749990463
0.0824353514611721
0.08309277497231961
0.08503366798162461
0.08205598935484887
0.08272561684250831
0.08540119171142578
0.0852102803438902
0.08808267742395401
0.08362053312361241
0.08470152154564857
0.07960999466478824
0.08372271999716759
0.08607515268027782
0.08189453341066838
0.0835019102692604
0.08058038301765919
0.08411395959556103
0.08779421798884869
0.07980783231556415
0.08490184165537357
0.08737815655767918
0.08691987983882427
0.08063594780862332
0.08172858580946922
0.0789595003426075
0.08252014979720115
0.0781749153882265
0.08204389885067939
0.08655491538345814
0.0869405497610569
0.08034387163817883
0.09078655987977982
0.08747309491038323
0.08851942807435989
0.08199500277638436
0.08482010945677758
0.0945817768573761
0.08644620731472968
0.09070339322090148
0.08444475173950196
0.08837556295096874
0.08601057671010494
0.08629982516169549
0.08644584871828556
0.0817496607452631
0.08223363660275936
0.0867512782663107
0.08564246647059917
0.08235787227749825
0.08387012667953968
0.08291623659431935
0.08188165314495563
0.08166993282735348
0.09137350469827651
0.09816809967160225
0.08097270712256431
0.07997573725879192
0.0794437988102436
0.07862254612147808
0.08353673458099366
0.09029295586049557
0.08246701866388322
0.082954990118742
0.07972157023847103
0.08988408893346786
0.08152782116085291
0.08215902999043465
0.07888145908713341
0.08135071977972984
0.08685966037213802
0.08282484754920005
0.08394960939884186
0.08477713324129582
0.08012313477694988
0.08426834970712661
0.07918417386710644
0.0846297163516283
0.08128720805048943
0.08012965589761734
0.079960308521986
0.07865798562765121
0.08336411334574223
0.07764476358890533
0.08120576038956642
0.08663980051875114
0.08567123219370842
0.08524702213704587
0.08457188971340657
0.08425765469670296
0.08463183157145977
0.08319908112287522
0.08047084540128707
0.08463225774466991
0.08375632263720036
0.08523031704127788
0.08761723764240742
0.08013365656137467
0.07913724452257156
0.07730957448482513
0.08014283388853073
0.07781821303069592
0.07741135776042939
0.08252874448895454
0.08494306080043316
0.08438654392957687
0.08173220627009868
0.08454942397773266
0.08792470939457417
0.08180819757282734
0.08982821315526962
0.08314180940389633
0.08208897568285466
0.08222381688654423
0.07869354210793972
0.08221734069287777
0.08152974352240562
0.08481589145958424
0.08313501663506032
0.0887120708823204
0.0801065157353878
0.08051183670759202
0.08385915890336036
0.08183543182909489
0.08086287625133991
0.08040457978844642
0.08222862288355827
0.08764564417302609
0.08233680054545403
0.08323013216257096
0.08035624869167805
0.0815009843558073
0.08496843181550502
0.08577714651823044
0.08687215119600296
0.08226614281535148
0.08519230052828788
0.08577211253345013
0.07964039765298367
0.08924583554267883
0.08517250210046769
0.08086951173841954
0.07791990235447883
0.08521542057394982
0.081688386015594
0.08347096942365169
0.08261517859995365
0.08149759545922279
0.07900238133966923
0.0794614613801241
0.08275706872344017
0.08288883082568646
0.0866093385219574
0.08597607351839542
0.08278820693492889
0.0829882089793682
0.08994100973010064
0.08432464472949505
0.0808389177173376
0.08433763481676579
0.08444781087338925
0.08448591314256192
0.07677996970713138
0.07950901784002781
0.08036851219832897
0.09550819344818592
0.08591343976557254
0.08389469996094703
0.08521242327988147
0.08766813538968563
0.08240687966346741
0.08126538395881652
0.08085273534059524
0.08146021761000156
0.08264526955783368
0.08364583604037762
0.08352521874010563
0.08562262706458569
0.08602172158658504
0.08160573311150074
0.0800959537923336
0.0865968906134367
0.0822574982047081
0.07897479698061943
0.08789055354893208
0.07887838006019593
0.08489719033241272
0.0796650243550539
0.08163174867630005
0.07606587924063206
0.08234457574784755
0.08630805179476737
0.07769105106592178
0.07912365347146988
0.08626438446342945
0.08430417962372302
0.07874473437666893
0.08188332527875901
0.0777289567142725
0.08909554101526737
0.08841135397553444
0.08023125283420086
0.08298382490873336
0.08175847016274929
0.08592153154313564
0.07933244459331036
0.08852079167962074
0.08084672540426255
0.08796773456037045
0.07697787947952747
0.08197519466280938
0.0841013802587986
0.08185192681849003
0.07927216172218322
0.08418990835547448
0.08678264521062375
0.08049730286002159
0.07925071999430656
0.08537838526070118
0.07503045037388802
0.08227095417678357
0.08361733049154281
0.08255487807095051
0.07879280157387257
0.08664606153964996
0.08404170595109463
0.08059145279228687
0.08488138288259506
0.08184948951005935
0.0794311822205782
0.08515667840838433
0.08081306628882885
0.08311487942934036
0.08387094117701054
0.08465110540390014
0.0796482454240322
0.08283215187489987
0.08443538784980774
0.08302317775785922
0.08159985452890396
0.08180009849369525
0.08211642608046532
0.0781704357266426
0.08690064698457718
0.07998148567974567
0.08096470758318901
0.08357647597789765
0.07911191835999488
0.084953568354249
0.07929648645222187
0.08342494651675224
0.08004935584962368
0.08444449208676814
0.0825666531920433
0.08237780541181565
0.08300957076251507
0.08562458604574204
0.08069104135036469
0.07863698072731495
0.08149324014782905
0.0837320090085268
0.07936290256679059
0.08386072680354119
0.08331559993326663
0.08188787929713726
0.0834675219655037
0.08221037492156029
0.08143653705716133
0.08070597924292087
0.0824285064637661
0.08369709320366382
0.0850576063990593
0.08030153289437295
0.08029175713658333
0.0833911057561636
0.07647722162306309
0.07821057394146919
0.08343857862055301
0.0807504465430975
0.08046701997518539
0.08188487663865089
0.0798656040430069
0.08519160732626915
0.08122880779206752
0.08648500084877014
0.08185669355094433
0.0818686157464981
0.07907296113669872
0.07979183353483676
0.0858172619342804
0.08386968947947025
0.08310291975736618
0.07893447585403919
0.08862656384706497
0.08464981742203236
0.08559023126959801
0.08951889008283614
0.0850893922150135
0.08320420503616333
0.08346724428236485
0.08592467531561851
0.08217924520373344
0.07995306640863419
0.08293354697525501
0.08393001079559326
0.08282632403075695
0.08219910800457
0.0812727526575327
0.08021087780594825
0.08029542759060859
0.08268262021243572
0.08090250421315431
0.0836615651845932
0.08189732506871224
0.08146688275039196
0.07853917799890041
0.08081966988742352
0.08094086296856404
0.08601814396679401
0.08297784298658371
0.08328932821750641
0.0808089704811573
0.07535921968519688
0.08031073778867721
0.08554401718080044
0.07947881013154984
0.08253469482064248
0.08394522957503796
0.0847682348638773
0.0829307858645916
0.08395838357508183
0.0855715224146843
0.08525947086513043
0.08190158024430275
0.0833271586149931
0.08527556657791138
0.08483266063034535
0.08433709383010864
0.08557567447423935
0.0803314421325922
0.08249759636819362
0.08227198220789432
0.08057146050035953
0.07890178881585598
0.07967372804880142
0.07989289432764053
0.08504789650440216
0.07987911403179168
0.08477744691073895
0.08620324619114399
0.0818835835903883
0.08013096630573273
0.08331617575138807
0.08198006898164749
0.08375342391431331
0.08114149138331413
0.08120894107967615
0.08587480790913105
0.08303552739322186
0.07885093562304973
0.08625576332211495
0.08320821724832057
0.08001915752887725
0.08139667421579361
0.085402392745018
0.08528940625488758
0.08073418855667114
0.08271663159132003
0.07948979876935482
0.08073619678616524
0.09008347943425178
0.08840056262910366
0.07477010123431682
0.08042430847883225
0.08411719799041747
0.08215017154812813
0.07786360904574394
0.08235136695206165
0.08769060082733632
0.08611386641860008
0.07718914851546288
0.08334396593272686
0.0824040074646473
0.0778056424856186
0.08597458094358444
0.08458815671503545
0.08111090689897538
0.08716156840324402
0.08310146264731884
0.08350573971867561
0.08598537400364875
0.08243822939693927
0.08689861163496972
0.08045724451541901
0.07961381860077381
0.08625279374420643
0.08211870342493058
0.07610671870410442
0.07736969739198685
0.07954845562577248
0.08637619584798813
0.08348054155707359
0.08287816196680069
0.0784928870946169
0.08306757725775242
0.08121829085052014
0.08457726299762726
0.08302442602813244
0.07985100977122783
0.08179785743355751
0.07846142463386059
0.07979096569120885
0.08014364413917065
0.08162333428859711
0.08497139140963554
0.08583602406084538
0.07772629879415036
0.08078715227544307
0.07880578584969043
0.08016195893287659
0.07753536134958267
0.08877533972263336
0.08683350957930087
0.08309930212795734
0.08295307353138924
0.08158902302384377
0.08480880409479141
0.08486543767154217
0.08021330781280994
0.07894857749342918
0.08316940665245057
0.08007378555834294
0.07952083580195904
0.08363312982022762
0.0834501251578331
0.0822280690819025
0.08265570253133774
0.08015846833586693
0.08592592671513558
0.07669404845684767
0.08125669203698635
0.08162512764334678
0.07942163974046706
0.09171453326940536
0.08486415706574917
0.07883122570812702
0.08281192220747471
0.08412058599293232
0.0828853526711464
0.08562467493116856
0.08291004173457622
0.07614363700151444
0.08122094616293907
0.08244716212153434
0.08090681985020637
0.08253313213586808
0.0840053429454565
0.0839237231761217
0.07938628189265728
0.08058568269014359
0.08306163601577282
0.08345483221113682
0.08658528454601765
0.07862938605248929
0.08248738966882228
0.08353947579860688
0.08173400558531284
0.0824375230818987
0.08447542637586594
0.08196350179612637
0.07939602501690388
0.08103165790438652
0.07720245629549026
0.07972346171736718
0.07863689064979554
0.08419687122106552
0.08218450725078583
0.08122690990567208
0.08082921236753464
0.08370821662247181
0.08025914952158927
0.08146383568644523
0.08177395030856133
0.0819694759696722
0.08297927446663379
0.08085233390331269
0.0811932122707367
0.08675979912281036
0.0780224485695362
0.07935828149318695
0.08124972701072693
0.08502582482993602
0.08032739818096161
0.08291892416775226
0.08495082721114158
0.08489755257964134
0.07843225710093975
0.08172580994665622
0.07874426662921906
0.07879448071122169
0.07686119742691516
0.07775900006294251
0.08686221793293952
0.08719876766204834
0.07822910211980343
0.08474931560456753
0.0850521719455719
0.08638124331831933
0.07708562307059764
0.07999088898301125
0.07687520682811737
0.07483247123658657
0.08495115920901299
0.0780141581594944
0.08039975710213185
0.08036228694021702
0.08187696985900401
0.08112890716642142
0.08083191528916359
0.08855663411319256
0.08235623545944691
0.08115309908986092
0.07803041093051434
0.07689848251640796
0.08134754545986653
0.08101528853178025
0.07806843295693397
0.08160952411592007
0.08690843418240547
0.08115642845630645
0.08154236443340779
0.08360075332224369
0.07907773084938526
0.07943998396396637
0.08462087973952294
0.08082111679017544
0.08244854211807251
0.08115338049829006
0.07933452621102333
0.07941631861031055
0.08411043144762516
0.07762209564447403
0.07984631404280662
0.0825037919729948
0.0836518356949091
0.08313899300992489
0.07358059525489807
0.08318128980696202
0.08074688106775284
0.08311781704425812
0.07904843561351299
0.08578090511262416
0.07711030133068561
0.0794291604310274
0.07858967989683151
0.08251545168459415
0.08628900744020938
0.08350310683250427
0.08237392760813236
0.08091886349022388
0.07905501119792462
0.0811785889416933
0.07769700407981872
0.0836050894856453
0.08042851917445659
0.08310091949999332
0.08694346569478512
0.08131420023739339
0.07661413595080376
0.08150193400681019
0.0825455604493618
0.07752407990396022
0.08471166349947452
0.07934262037277222
0.08168035484850407
0.08014256611466408
0.07958763375878335
0.0806547162681818
0.08797714099287987
0.08231928497552872
0.08408147998154164
0.0775948015600443
0.0827790180593729
0.08171151779592037
0.07949518255889415
0.07880792409181595
0.08209184393286705
0.07807911083102226
0.08100401751697063
0.08252288401126862
0.08261457525193691
0.07768975704908371
0.0837403329461813
0.08011305861175061
0.08204109489917755
0.08406114302575589
0.07906785346567631
0.08048556372523308
0.08283633261919021
0.07591203995048999
0.08292685806751252
0.08477088540792466
0.08380176298320294
0.08255206078290939
0.07948971785604954
0.08207417525351048
0.0815220020711422
0.08514369070529938
0.08113906539976597
0.08357205599546433
0.07719042859971523
0.08019521847367286
0.07599585987627507
0.07739976644515992
0.07546301364898682
0.08145911753177643
0.08039204247295856
0.0781044353544712
0.08393298514187336
0.07959647729992866
0.07648333191871642
0.08374185405671597
0.08271437842398882
0.08894363287836313
0.08114503666758538
0.07996610201895236
0.08095533482730388
0.07930408723652363
0.07764265716075897
0.08020845882594585
0.0844359315931797
0.08308251433074475
0.07836925938725471
0.08116782762110233
0.07960962057113648
0.08201339110732078
0.07940070681273938
0.08200552500784397
0.08401012107729912
0.07892639473080636
0.08168725691735744
0.08285504609346389
0.0780691372603178
0.07669461287558078
0.08272798493504524
0.08890408508479596
0.08111936267465353
0.082014883980155
0.07752707980573177
0.08201991602778434
0.08431983135640621
0.08154765829443932
0.07729009747505187
0.0792638174444437
0.0825240495800972
0.08370874844491481
0.08033385746181011
0.07917133875191212
0.07774348773062228
0.08110035113990306
0.08148991726338864
0.08154120568186045
0.0777559781074524
0.07806014060974122
0.07731514655053616
0.07844306111335754
0.08031941466033458
0.08087862692773343
0.07553302019834518
0.07883243963122367
0.08186900407075882
0.08317459858953953
0.08052882425487042
0.08474766284227371
0.08128476336598396
0.07899928808212281
0.08162893913686275
0.08097373776137828
0.08337711952626706
0.07760369025170803
0.07965204820036888
0.0818669105321169
0.0814769672602415
0.0808230971544981
0.08154959715902806
0.07718024976551532
0.07430159583687783
0.07636871367692948
0.0825178462266922
0.08234329208731651
0.0787992487102747
0.0808823449909687
0.0860204316675663
0.08055980600416661
0.0845194024592638
0.08557683564722537
0.0805500378459692
0.08401056684553623
0.08081838041543961
0.07655117623507976
0.07580008335411549
0.08200354598462582
0.08048716835677623
0.08433784253895282
0.08553165420889855
0.07492465868592263
0.07873719841241837
0.08299954175949097
0.08494931757450104
0.08328357048332691
0.07968961894512176
0.08131033062934875
0.08341737926006317
0.08570112086832524
0.08196915470063687
0.08165986463427544
0.08540728472173215
0.07957840435206891
0.07871082991361618
0.08337842121720314
0.07875779397785664
0.07447983860969544
0.08388416212052106
0.07874931298196315
0.085000554099679
0.08119271017611027
0.08435070626437664
0.07981855310499668
0.07912450097501278
0.08693607069551945
0.07850777372717857
0.08054005272686482
0.07817929163575173
0.07742350079119205
0.08471463702619075
0.08220287881791592
0.084698880687356
0.07533456511795521
0.0820789623260498
0.08433206431567669
0.07959760077297688
0.08671161659061909
0.08551929622888566
0.07946275912225247
0.08211038075387478
0.07891997046768666
0.08246374744921922
0.08434450015425682
0.08177868269383907
0.0794731305539608
0.08347369901835919
0.08004520133137703
0.0788183207809925
0.08366359643638134
0.08454756513237953
0.07928849615156651
0.07872740142047405
0.0851046872138977
0.08299747414886952
0.08078056327998638
0.07815669469535351
0.07602036021649837
0.07603767156600952
0.08170110948383807
0.08450342059135436
0.0805460686981678
0.08503719847649335
0.08237585410475731
0.08352395802736283
0.0787535348162055
0.07664284996688366
0.08072744838893414
0.08098463758826256
0.0847029696404934
0.07823176823556423
0.08219125241041184
0.08512402959167957
0.08320987671613693
0.07954439520835876
0.08323303990066051
0.08074953138828278
0.0815801714360714
0.0873774890601635
0.08363466583192349
0.08353397332131862
0.07899774853140115
