0.12235341772437096
0.11879655912518501
0.1217563433945179
0.11981881901621819
0.11811929658055305
0.12009654581546783
0.12249246910214424
0.12180912032723427
0.1225961647927761
0.11780060514807701
0.12366514042019844
0.1231896561384201
0.1206003811955452
0.123405189961195
0.12180398270487786
0.12063343599438667
0.11766903102397919
0.11996349275112152
0.12190793260931969
0.11988462030887603
0.1183743904531002
0.11969117477536201
0.11939187154173851
0.11955183818936348
0.11889822036027908
0.1136137804389
0.11846770077943802
0.12406216472387314
0.12089061617851257
0.1169948010146618
0.12068656101822853
0.11899830341339111
0.1174173328280449
0.115912284553051
0.11737074375152588
0.11760950952768326
0.11633957043290138
0.11480681225657463
0.11752107664942742
0.11514701798558236
0.11271948218345643
0.11423235952854156
0.11384362399578095
0.11313087239861488
0.1167892836034298
0.11337354630231858
0.11488799661397935
0.11539261057972908
0.11582615584135056
0.11282872185111045
0.11685419321060181
0.11522393584251404
0.11305078849196434
0.11376722395420075
0.11199678450822831
0.11277107745409012
0.11176888749003411
0.10888088271021842
0.11309341803193092
0.11320323213934898
0.11383927181363106
0.10959663853049278
0.10794350549578667
0.1091325518488884
0.10883855745196343
0.10830593392252923
0.11208524003624916
0.11390990391373634
0.1094777163863182
0.11116822391748428
0.11228262260556221
0.11259909883141518
0.11051382347941399
0.10904382571578025
0.10907689362764358
0.11241294980049134
0.1097609169781208
0.11052799090743065
0.10544271245598794
0.11058122381567954
0.10985529899597168
0.10447478786110878
0.1096470719575882
0.10486544623970985
0.10633736774325371
0.10746279060840606
0.10934965699911117
0.10673665642738342
0.10758149340748786
0.10416635766625404
0.10660328425467014
0.1102079363167286
0.10959909588098526
0.1075347313284874
0.10952363148331642
0.10899921730160714
0.10874283835291862
0.10991784423589707
0.1037555143237114
0.10826921865344047
0.10564125016331673
0.10517502814531327
0.1039649099111557
0.10785602152347565
0.10752908051013947
0.10716095447540283
0.10402681648731232
0.10298316091299058
0.10547538682818412
0.10600563503801823
0.10521811544895172
0.1058734355866909
0.10489603266119957
0.10142427742481232
0.10576468646526337
0.1047243794798851
0.10355424970388412
0.10410790979862213
0.10547479316592216
0.10729346975684166
0.10693178847432136
0.1070943769812584
0.10360237345099449
0.10298725187778474
0.10644313260912895
0.10456309720873833
0.10557318806648254
0.10569836288690566
0.10252473771572113
0.10687368392944335
0.10817478410899639
0.1028580629825592
0.10423814371228218
0.10275365114212036
0.10640355259180069
0.10521654516458512
0.10189324922859669
0.10339703723788261
0.10778735280036926
0.10769049048423768
0.10237603351473808
0.10119659364223481
0.10336670160293579
0.10448666527867317
0.1054912780225277
0.10490047395229339
0.10508624620735646
0.1023738643527031
0.10179161697626114
0.1044757430255413
0.1068860276043415
0.10001558870077133
0.10243336528539658
0.10486013561487198
0.1044035418331623
0.10724307239055633
0.10593620747327805
0.10638999983668328
0.10768028020858765
0.10123692855238914
0.10417833194136619
0.09983187720179558
0.10318217456340789
0.09916205212473869
0.10620965644717216
0.10328040733933448
0.10278050541877747
0.10308467134833336
0.1021965603530407
0.09921037539839744
0.1066968722641468
0.10263551488518714
0.10540535628795623
0.09647378697991371
0.10410634197294712
0.10128936231136322
0.1043852137029171
0.09783715032041072
0.10338436156511306
0.10069467917084694
0.10388125166296959
0.10240617886185646
0.10243629992008209
0.10030579492449761
0.10486193761229515
0.099153693318367
0.10056223824620247
0.10586916342377663
0.09535798527300358
0.10138529181480407
0.09918731182813645
0.1048443153500557
0.10025339722633361
0.10252954348921776
0.09538260757923127
0.1012267181277275
0.0965985194593668
0.09932167023420334
0.10282621070742608
0.10687493994832038
0.0993709322810173
0.10381892614066601
0.10513181895017625
0.10558705680072307
0.09928489089012146
0.10319481641054154
0.09992966502904892
0.10044724956154823
0.1022221140563488
0.09992915779352188
0.10273437798023224
0.10373771905899049
0.10084401190280914
0.10052298232913018
0.10078184835612775
0.10411873757839203
0.1016607303917408
0.10135810539126396
0.09730376772582532
0.10107935272157192
0.10475239261984826
0.1021637324243784
0.10459220632910729
0.10203074917197227
0.09790019750595093
0.10092595957219601
0.10304739639163017
0.10199102900922298
0.1013401634991169
0.09890710026025772
0.09687244802713395
0.101542499512434
0.0964982321113348
0.10216952532529831
0.10084454402327538
0.09857283838093281
0.09900747939944267
0.0998710784316063
0.09985964313149452
0.09422980070114136
0.10446648687124252
0.09494429931044579
0.09741256408393383
0.09658045448362827
0.09727282330393791
0.10072096474468709
0.09653206273913384
0.0976749112457037
0.10229229345917702
0.09788823857903481
0.10041514053940773
0.09597579605877399
0.1064317923784256
0.09624213762581349
0.10202159456908703
0.1005915305763483
0.10930279716849327
0.09954927854239941
0.09874385707080365
0.10206474311649799
0.0953289444744587
0.10981844484806061
0.10078239396214485
0.10369951844215393
0.09841577105224132
0.10007208235561847
0.10098202228546142
0.10103897109627724
0.10318004488945007
0.09837745413184167
0.10190914981067181
0.10201278738677502
0.10984785795211792
0.10085536375641822
0.10332725904881954
0.1038924340903759
0.09793560564517975
0.1022625669836998
0.1037246311455965
0.09575596936047077
0.09682795226573944
0.09923204816877843
0.09657541058957576
0.09983332820236683
0.09310518868267537
0.10332878328859806
0.09781641036272049
0.10523889482021331
0.09544480212032795
0.0996402557939291
0.10203932031989098
0.09413683123886585
0.09043643318116665
0.10178417772054672
0.10258122250437736
0.09751478135585785
0.10037086300551891
0.10497109271585942
0.10469208963215351
0.09854654803872108
0.09348389953374862
0.09481821306049824
0.10439239516854286
0.0961405186355114
0.10136402361094951
0.10304566249251365
0.10312603995203971
0.09909099169075489
0.09529169067740441
0.10081085562705994
0.10269351229071617
0.10196357063949107
0.0992571273446083
0.0966957662254572
0.0968390279263258
0.09818643055856228
0.09577595107257367
0.09721615172922611
0.09913621567189694
0.10122718289494514
0.09829868085682392
0.09506520859897137
0.09731560178101063
0.09678234614431858
0.09996246263384818
0.09919612146914006
0.09862353175878524
0.09932446539402008
0.10083697602152825
0.0975646959990263
0.09592485792934895
0.09235319703817367
0.10077895931899547
0.10371451988816262
0.09398995593190193
0.09967628173530102
0.08866000860929489
0.09687620975077152
0.09778689987957477
0.09145347535610199
0.09902306109666824
0.10315772615373135
0.09797642767429351
0.10033292017877102
0.09585169300436974
0.09727234020829201
0.09896614767611027
0.09831836558878422
0.09945142410695552
0.0989220555126667
0.09782533913850784
0.09586233519017696
0.10314072050154209
0.09554324187338352
0.09477441914379597
0.09561764381825924
0.09814820855855942
0.09540835782885551
0.10100634112954139
0.09724711060523987
0.09652436234056949
0.10040004432201385
0.09946613401174545
0.0980902999639511
0.10095172338187694
0.09709063723683357
0.09846759989857673
0.09703468166291714
0.1016396564990282
0.09703808270394802
0.09925613187253475
0.09910905793309212
0.10298225440084935
0.10056668482720851
0.09521749541163445
0.09997380927205085
0.09658194184303284
0.09728682637214661
0.09452799916267395
0.09681347459554672
0.0925694938749075
0.0981100095808506
0.0939207624644041
0.09615321323275566
0.09930371321737766
0.10250658616423607
0.09461647607386112
0.10091378927230835
0.09450556240975856
0.0988852821290493
0.0994742776453495
0.10143938228487968
0.10073156580328942
0.09502132013440132
0.10033297717571259
0.10002039715647698
0.10017337843775749
0.10290809974074364
0.09835074096918106
0.1028005050122738
0.09673972234129906
0.0930782600492239
0.09389620400965214
0.09803274162113666
0.10170341588556767
0.09962501302361489
0.09694843001663685
0.08943724386394024
0.09897875905036926
0.10156049467623234
0.09482473343610763
0.10149441003799438
0.09527568213641643
0.09471858531236649
0.09304156102240085
0.10183815911412239
0.09547332935035228
0.09916016057133675
0.09544685781002045
0.0976283884048462
0.09961356252431869
0.0975869419425726
0.10037597015500069
0.10086757704615593
0.0979235202819109
0.0924104069918394
0.09489487424492836
0.099302998483181
0.08950488209724426
0.09528777308762074
0.0978569570928812
0.09501820169389248
0.09459797739982605
0.10022506922483444
0.09594042383134366
0.09628720209002495
0.09952853620052338
0.09793031454086304
0.09664554804563523
0.10046827174723148
0.10149498753249646
0.10025185123085975
0.09339101053774357
0.09342570416629314
0.1020665456354618
0.09646554626524448
0.10049034282565117
0.09305244706571102
0.10232526920735836
0.09941459372639656
0.09640771225094795
0.10137569628655911
0.09583043724298478
0.09940052211284638
0.09803390808403492
0.09946352601051331
0.09526191398501396
0.09669048458337784
0.09885557480156422
0.09460927478969097
0.10069988742470741
0.09501399762928486
0.09253650218248367
0.09742173992097378
0.09878980726003647
0.09754151709377766
0.099072225689888
0.09421588726341724
0.10068565830588341
0.09517019867897034
0.0915877429395914
0.09636077046394348
0.10007150620222091
0.09593383938074113
0.0971880942583084
0.09781222753226756
0.09376317255198956
0.0915784315019846
0.09517822735011577
0.10033409506082534
0.0920688259601593
0.09271084927022458
0.09249723941087723
0.0928868056833744
0.10022810332477093
0.1021081655472517
0.08781593360006809
0.09873533748090267
0.09652737066149712
0.08727573014795781
0.09562871634960174
0.09654283948242665
0.09182837307453155
0.09123919196426869
0.10103378415107728
0.09004670321941376
0.09124506719410419
0.1018588199466467
0.09199846923351288
0.10251005575060844
0.09542656101286412
0.09262961402535438
0.09766521140933036
0.10068196311593056
0.09223401181399822
0.09257196582853794
0.10127339318394661
0.09355321265757084
0.10295571111142636
0.0970734242349863
0.0988095124810934
0.0932393204420805
0.09630588114261628
0.09811377167701721
0.09838901296257972
0.0980631722509861
0.09131285279989243
0.090535005107522
0.09728524282574653
0.09992508336901665
0.09869166925549507
0.09299056567251682
0.09676244519650937
0.09662718400359153
0.09178420715034008
0.10119025148451329
0.09589568190276623
0.09501483216881752
0.09384096197783948
0.10075225286185742
0.0986500108987093
0.09348617747426033
0.093323620185256
0.09874155953526496
0.09182577274739742
0.09153443485498429
0.09419384263455868
0.09209043152630329
0.09439456723630428
0.09901952274143695
0.08891243495047092
0.09823752745985985
0.09170632287859917
0.09042532704770564
0.09688831046223641
0.09506732806563377
0.08956695839762688
0.09534709326922894
0.09325079418718815
0.09632096886634826
0.09293907575309276
0.09592761740088462
0.09864070430397988
0.09919111475348473
0.1003188006579876
0.09379693269729614
0.09745169430971146
0.09248691387474536
0.09503679677844047
0.09233392491936683
0.09640557058155537
0.09627912111580372
0.09444776177406311
0.09751484729349613
0.0946803779900074
0.09551975704729557
0.09521780386567116
0.0933828542381525
0.09486692510545254
0.09433464512228966
0.09663961634039879
0.09239304274320602
0.0957918979972601
0.0893448057770729
0.09322707571089267
0.08890369139611722
0.10047485247254372
0.09489069923758507
0.09025233194231987
0.09922749266028404
0.10113347962498664
0.09730215959250926
0.09537190981209279
0.09339015558362007
0.09670797765254974
0.0912520419061184
0.09624533735215664
0.09806758724153042
0.09020576417446137
0.10257738530635833
0.0938376721739769
0.09244153991341592
0.09627432338893413
0.09072587557137013
0.09039278380572796
0.09950939811766148
0.09560197196900845
0.10009695053100585
0.09045517951250076
0.09471659719944
0.09191011294722556
0.0989741175621748
0.09893433660268784
0.09281983345746994
0.09753043726086616
0.0947668021172285
0.09594805799424648
0.09558005884289741
0.0998820997774601
0.09559460312128067
0.09755279883742332
0.09091877773404121
0.09859651871025563
0.0948154504597187
0.09452337093651295
0.09265582203865051
0.10051663346588612
0.09546004325151443
0.09303393326699734
0.09580925032496453
0.09525744244456291
0.09350351825356483
0.09182865530252457
0.09481621243059635
0.09663859009742737
0.09557658791542054
0.09865868255496026
0.10240477457642555
0.09243361063301564
0.089985461384058
0.09810523033142089
0.09029057323932647
0.09804041139781475
0.0955041290819645
0.09413490034639835
0.09668053783476353
0.09674671672284603
0.09009372882544994
0.09714662604033947
0.09455741994082928
0.09063658513128757
0.09676780387759208
0.09520259484648705
0.09768296502530575
0.0936881423741579
0.09756126798689366
0.09385131292045117
0.09982480846345425
0.09019849851727485
0.0925934549421072
0.09909962981939316
0.09638288125395775
0.09750752843916416
0.09622722916305065
0.08928682141005993
0.09611367247998714
0.09653692707419395
0.09713359422981739
0.09767726086080074
0.09543061494827271
0.09590481393039227
0.0876518189907074
0.09313042424619197
0.09945213884115219
0.09123804070055484
0.09259391963481903
0.0908053083717823
0.09609313949942588
0.09974819928407669
0.08948773004114628
0.0934358637779951
0.09266463659703732
0.09311127573251725
0.09284356750547886
0.09311178907752037
0.08721386179327965
0.09220795892179012
0.09134878441691399
0.09320066094398499
0.09485410794615745
0.09840217523276806
0.09127609886229038
0.09787167571485042
0.10103706926107407
0.10055531360208989
0.09214612640440464
0.095903549939394
0.10383577138185501
0.09961611807346343
0.10521945632994174
0.09652672246098519
0.09613891385495663
0.0959562249481678
0.09898025833070279
0.09949410155415535
0.09442204177379608
0.0929141341149807
0.0985200896114111
0.10041675262153149
0.09444938957691193
0.09570016168057918
0.09360396839678288
0.09431136168539524
0.09607496678829193
0.09957508713006974
0.09987079501152038
0.09304846294224262
0.09349154897034168
0.08873117074370385
0.0908228062838316
0.09400716528296471
0.1005056980997324
0.09431325078010559
0.09562457107007503
0.09287919081747532
0.09890271358191967
0.09074252955615521
0.09381042309105396
0.09188403218984603
0.08969933658838272
0.09663021579384803
0.09327855445444584
0.0969180153310299
0.09672525964677334
0.09177174486219883
0.0975541415810585
0.08882258169353008
0.09606997698545455
0.09324908867478371
0.09047781683504581
0.09292335361242295
0.0907861439883709
0.09603431545197964
0.08860352568328381
0.09104107864201069
0.09350574567914009
0.09366362564265727
0.09589641354978085
0.09514286771416663
0.09508281826972961
0.09623937927186489
0.09521109975874424
0.09246504075825214
0.09976687587797642
0.09462481014430522
0.09519155398011207
0.10100558869540692
0.0927537090331316
0.08974047288298607
0.08929922699928283
0.09238596394658088
0.08946713715791703
0.08761857084929943
0.0964144565165043
0.09400868598371744
0.09508413955569267
0.09573428943753243
0.09876407407224179
0.09969632484018803
0.09078112535178662
0.09963202603161335
0.09235052898526191
0.09358947858214378
0.09629897348582744
0.09335029445588588
0.0911967983841896
0.09438889145851136
0.0973968744277954
0.09464832477271556
0.0989221142232418
0.09322205312550068
0.09220513641834259
0.09419529482722283
0.09296213261783123
0.09056005254387856
0.09495284900069237
0.09513786360621453
0.09777610696852207
0.0920700979232788
0.09599839985370635
0.09374393917620182
0.08974238365888595
0.09279385685920716
0.09956344962120056
0.09943002089858055
0.09420586720108987
0.09709303356707095
0.09914826728403568
0.09272353775799275
0.09909179635345935
0.09560770735144615
0.09454795852303505
0.08726208247244358
0.09431496687233448
0.0923200285434723
0.09926334090530872
0.09805121108889579
0.09154609985649585
0.09093887820839881
0.09137222923338413
0.09476837694644928
0.09415214776992797
0.09778872594237327
0.09710439667105675
0.094521763920784
0.09355145715177059
0.10450003415346146
0.0966036231815815
0.09307425737380981
0.09424921631813049
0.09681892946362496
0.09768560916185379
0.0881760860234499
0.09266537338495255
0.09264375008642674
0.10731144718825818
0.09733559936285019
0.09861565813422203
0.09774405345320701
0.09657059244811535
0.0946090740710497
0.09662512212991714
0.0902702359110117
0.09225511588156224
0.09674829810857773
0.09281395420432091
0.0939327634871006
0.09444104179739952
0.09807754546403885
0.09332092300057411
0.09004262313246728
0.09660327665507794
0.0922293584793806
0.09053959242999554
0.10185448102653026
0.08949108757078647
0.09435468979179859
0.09295038029551506
0.09291213020682335
0.08635836653411388
0.0930435038357973
0.09706943713128567
0.08688284702599049
0.09045173905789852
0.09934722743928433
0.0935125594958663
0.0923328359425068
0.0936258628219366
0.09055406332015992
0.1009045673161745
0.09748325064778328
0.09132704518735409
0.09652331210672856
0.09293526947498322
0.0941896042227745
0.08931796036660672
0.10065475814044475
0.09477481931447983
0.09936598926782608
0.08821907177567483
0.09277187891304493
0.09438570126891137
0.0939643732458353
0.09469754792749882
0.0916609912365675
0.09841338366270065
0.09422559142112732
0.09279100932180881
0.09718012027442455
0.08273961529135704
0.09453360706567765
0.09332547038793564
0.09856405898928643
0.0927465195208788
0.09724880240857602
0.09478730864822865
0.0933285304158926
0.09798826448619366
0.09350658684968949
0.09198719136416912
0.09817901700735092
0.09135273084044457
0.09532454326748847
0.09847754694521427
0.10026683159172535
0.09323922894895077
0.09319387078285217
0.092302690371871
0.09580336213111877
0.0941174104809761
0.09493726395070552
0.09498712748289108
0.0876913308352232
0.09999056957662106
0.09333452001214028
0.09449156194925308
0.09475774720311164
0.0862854215502739
0.09287294238805771
0.092648840919137
0.09491503298282623
0.09164847113192082
0.09676419273018837
0.0964917679876089
0.09656494580209256
0.09653268031775951
0.09691913940012455
0.09279711849987507
0.09205510452389717
0.09237763956189156
0.09787832468748092
0.0905120001733303
0.09337914794683456
0.09451059147715568
0.09271593362092972
0.09720377512276172
0.0916812502592802
0.09351386986672879
0.09376433297991753
0.09750212028622628
0.09395668245851993
0.09767625220119953
0.09437540732324123
0.0919786336272955
0.09622848145663739
0.08684317223727703
0.08916756026446819
0.09464865848422051
0.09433908782899379
0.09370054505765438
0.09503005549311638
0.09121413327753544
0.09318437948822975
0.09354526758193969
0.10108835808932781
0.09290477328002453
0.09526575744152069
0.09366976052522659
0.08996895126998425
0.09363569408655166
0.09337122917175293
0.09613917708396912
0.09194142311811447
0.10032336182892322
0.09276711337268352
0.09871406711637974
0.09818402230739594
0.09513881780207158
0.09692129328846931
0.0954520570486784
0.09784511983394623
0.09184989973902702
0.09239035099744797
0.09749237954616546
0.09857507705688477
0.09164828233420849
0.09040378689765931
0.09483069278299809
0.09600673973560334
0.09184865556657314
0.09534983225166797
0.09459463331848383
0.0965731267631054
0.09223459936678409
0.09352121107280255
0.08977280393242835
0.09488261714577675
0.09463639371097088
0.09851003751158714
0.09734034597873688
0.09783121503889561
0.09279133543372155
0.08317311346530915
0.09045987874269486
0.09697680845856667
0.08816310219466686
0.09335357382893562
0.09122192442417144
0.09854933649301528
0.09718988627195359
0.09390554457902908
0.09911810509860515
0.09498821929097176
0.09242710776627064
0.09689994782209396
0.10179505482316017
0.0957437962293625
0.09354354038834573
0.09926935486495495
0.09315326422452927
0.09619704626500607
0.09518082037568093
0.09099683053791523
0.09006458781659603
0.09191187828779221
0.09256317555904388
0.09640641614794732
0.08966456539928913
0.09732492491602898
0.1012804102152586
0.09442901328206062
0.09379187509417534
0.09689251787960529
0.09143799811601638
0.09337586104869842
0.09542296573519707
0.09210978034883738
0.09500926353037357
0.09486214824020862
0.09107894033193588
0.09548773959279061
0.09421982504427433
0.09171267189085483
0.09440517880022525
0.09613765992224216
0.09664409160614014
0.09456963077187538
0.09726185977458954
0.09553496137261391
0.09065560825169086
0.09620658978819847
0.0987233193218708
0.08630835331976414
0.09493236266076564
0.09851900659501553
0.09303421258926392
0.08923958286643029
0.09270020075142384
0.09826217673718929
0.09867745898663997
0.09011045336723328
0.0951942690461874
0.09587387561798096
0.09138840429484844
0.10002637155354023
0.09739004194736481
0.08815609656274319
0.09384523041546344
0.09405869871377945
0.09782030239701271
0.10094964437186718
0.0962591752409935
0.09869935415685177
0.09259222440421581
0.09134352900087833
0.1008932475745678
0.09244882479310036
0.0908049488812685
0.08987390972673893
0.09077488906681537
0.09856808274984359
0.09544938504695892
0.09570940464735031
0.09016907379031182
0.09718914195895195
0.09478144690394402
0.10025980919599534
0.09661192648112774
0.09357737384736538
0.09454744651913644
0.09108901888132095
0.09327267900109291
0.09362506709992885
0.09283638291060925
0.09806528866291046
0.09232857435941697
0.09330386340618134
0.09634272679686547
0.09113908730447293
0.09385647848248482
0.09138330034911632
0.10224665574729443
0.10038714528083802
0.09685135610401631
0.0985076306015253
0.09801061570644379
0.09654114693403244
0.09693812392652035
0.09085351429879665
0.08990783303976059
0.09611702464520931
0.0918639887869358
0.09135917127132416
0.09440002515912056
0.09614170707762242
0.09276177942752838
0.09556802645325661
0.09088128708302974
0.09755173906683921
0.0901271329075098
0.09421291165053844
0.09774039380252361
0.08917574279010296
0.10264906339347363
0.09485565572977066
0.09173259325325489
0.0949524026364088
0.09781613163650035
0.09472019203007222
0.09675594545900822
0.09471054434776306
0.08946334440261125
0.09427490923553705
0.0928103519231081
0.09312822334468365
0.09681005492806434
0.09608355484902859
0.0965812411159277
0.09467790223658085
0.09473502233624459
0.09607274495065213
0.09485135570168496
0.09966452836990357
0.08857461035251618
0.09731462016701699
0.09874909825623035
0.09456908904016018
0.09282449699938297
0.09643154598772526
0.09267400182783604
0.08898998007178306
0.09524507962167263
0.09203157857060433
0.09278555355966091
0.08900834642350673
0.09685835435986519
0.09433671191334725
0.09401111789047718
0.09366420224308968
0.09637409433722496
0.08970919445157051
0.0939690600335598
0.09424409478902816
0.09358968704938889
0.0951895547658205
0.09498987399041653
0.09399162724614143
0.09914718709886074
0.09173717677593231
0.09267137207090854
0.09029523000121116
0.09632895596325397
0.09547001965343953
0.09453878194093704
0.09613799594342709
0.09494490340352059
0.09005054965615272
0.0960912737250328
0.09033434808254243
0.09429534330964089
0.09061188831925392
0.08849820844829083
0.09857086427509784
0.10198337465524673
0.08811243057250977
0.0985000316798687
0.09565787978470325
0.09943919748067856
0.08996681652963162
0.09147901147603989
0.08663511350750923
0.08722159236669541
0.09519412398338317
0.09025896161794662
0.09540040455758572
0.09359507516026497
0.09117069259285927
0.09106108151376248
0.09424059733748436
0.10134366735816001
0.09452476963400841
0.09504452727735042
0.08859199076890946
0.08809038192033768
0.09412485152482987
0.0949255521595478
0.09149561561644078
0.09478715471923352
0.09941041745245456
0.09355682864785195
0.09517000898718835
0.09561525627970696
0.09094057656824589
0.09001542389392853
0.09484685555100442
0.09143811792135238
0.09405568420886994
0.09585569068789482
0.09307333044707775
0.09169055879116059
0.09976165987551212
0.09099056914448739
0.0935564050078392
0.09447372674942017
0.09432622335851193
0.09445109009742737
0.08797683469951152
0.09729930691421032
0.09346187740564346
0.09372931972146034
0.09060790129005909
0.0977050668001175
0.08739988423883915
0.09035717345774173
0.08947665497660637
0.09356364823877811
0.09326388783752919
0.09620547987520695
0.09508863627910615
0.09249099031090736
0.09049297653138638
0.09466886296868324
0.08912033580243588
0.09699822649359703
0.09419433422386646
0.09309266202151775
0.09675496011972427
0.09386109016835689
0.0878050696849823
0.09000287376344204
0.0958519521355629
0.09070902578532695
0.09855985783040523
0.08833573371171952
0.09389497235417366
0.09430830866098404
0.09323536284267903
0.09027897380292416
0.10155363611876965
0.09731089152395725
0.10164031684398651
0.0869569843262434
0.09434266667813063
0.09435695074498654
0.09348787836730481
0.08930618271231651
0.09229386940598489
0.08980418808758259
0.0932782643288374
0.09323477871716022
0.09568179726600647
0.09150518208742142
0.0983928755670786
0.09053772710263729
0.09646333649754524
0.09757650338113308
0.09321565411984921
0.09177353143692017
0.09619712799787522
0.08836965844035148
0.09587289273738861
0.09782703928649425
0.09931249678134918
0.09300810486078262
0.09049555011093617
0.09358403205871582
0.09614884354174137
0.09834223203361034
0.09144193388521671
0.09604201070964337
0.09125077918171882
0.09407780386507511
0.08690703324973584
0.08850845314562321
0.089776211977005
0.09343933209776878
0.09314278788864612
0.09197725825011731
0.09673728257417678
0.0950822639465332
0.09141531266272068
0.099485602080822
0.09565406113862991
0.10007142174988985
0.09563954092562199
0.09303233221173286
0.0921797426789999
0.09139626406133175
0.09137344732880592
0.0940818491578102
0.09809108026325702
0.09434576869010926
0.09031340226531029
0.09414227336645126
0.09338918074965477
0.09449190035462379
0.08949309334158898
0.09373539090156555
0.10088621765375137
0.09345277398824692
0.09187918618321418
0.09312775865197181
0.0903262460976839
0.08916940875351428
0.09739719606935977
0.10112864665687084
0.09370937526226043
0.09284302107989788
0.08987018689513207
0.09214023858308792
0.09850660145282746
0.09731978997588157
0.08910328753292561
0.0876440692692995
0.09759337767958641
0.0971716095507145
0.09087691470980644
0.08977476976811886
0.08937561504542828
0.09679224640130997
0.09540697194635868
0.09444441985338926
0.09219516456127166
0.0923669046908617
0.08939361147582531
0.09047162793576717
0.09437360323965549
0.09551800079643727
0.0885179065167904
0.09182238854467868
0.0941386179625988
0.09379544623196125
0.09154777273535729
0.0962528882175684
0.09026528663933277
0.08932427249848843
0.09570618458092213
0.09569194413721561
0.09669069811701775
0.0922157646715641
0.09340382695198059
0.09410506643354893
0.09568429179489613
0.09585285153239965
0.09456349477171898
0.08824621669948102
0.08507174707949161
0.0874194212257862
0.09548129383474588
0.09634840853512287
0.09201903961598873
0.09378153197467327
0.10020941212773322
0.09351034864783286
0.09753381669521331
0.09956161849200726
0.09624651528894901
0.09956806726753711
0.09050682432949543
0.08573534920811653
0.09099241405725479
0.09576278448104858
0.09371032327413559
0.09706395730376244
0.09867045640945435
0.08745544388890267
0.09318235740065575
0.09465271815657615
0.09983251608908177
0.09775615200400352
0.09231940239667892
0.09450013354420662
0.09576613552868367
0.09690181717276573
0.09608645029366017
0.09794811427593231
0.09664896205067634
0.09516311682760716
0.09026714913547039
0.09437232539057731
0.08954751513898372
0.08894995719194412
0.0968157161027193
0.09230567313730717
0.09939376935362816
0.09420270957052708
0.09738139577209949
0.09139625281095505
0.09113436289131642
0.09960313282907009
0.08988340936601162
0.09227200701832772
0.09101297311484814
0.08875067427754402
0.09705087341368199
0.09350560814142227
0.09741539761424065
0.08833229877054691
0.09512963913381099
0.0989517991244793
0.0907815421372652
0.0997832290828228
0.09738918200135231
0.09404824793338776
0.09674287289381027
0.09052262358367442
0.0944192473962903
0.09540129482746124
0.0949665854871273
0.093007260710001
0.09649796545505523
0.09207603693008423
0.0916052644699812
0.09877975150942803
0.09883863836526871
0.08904101982712746
0.09171670876443386
0.09723332397639751
0.0952590510994196
0.0933058363944292
0.09008233487606049
0.08894257485866547
0.0917117115110159
0.09486973889172078
0.09387134328484535
0.09135559797286988
0.09388174086809159
0.09220173187553883
0.09601696364581586
0.09023251317441464
0.08822132512927056
0.09078531756997109
0.09328174114227294
0.09984404973685741
0.09016935259103775
0.09474181108176709
0.09705127201974392
0.09597223304212094
0.09322206340730191
0.09660705097019673
0.09312189444899559
0.0949417270720005
0.10050464540719986
0.0950486969947815
0.09774678871035576
0.09327146675437689
