0.9749391150474548
0.9550844085216522
0.9641734278202057
0.9714843189716339
0.9504507446289062
0.9584168744087219
0.9648044455051422
0.9689017736911774
0.9727510833740234
0.9611519527435303
0.98110445022583
0.974921236038208
0.9693659043312073
0.9794484984874725
0.9627514851093292
0.962677674293518
0.9536248970031739
0.948499140739441
0.9682106673717499
0.9651238811016083
0.9576936984062194
0.9485724151134491
0.9520377957820892
0.9530870366096497
0.9498651432991028
0.9192586290836334
0.9542013740539551
0.9644800961017609
0.9524703526496887
0.9432984220981598
0.9526764976978302
0.9407835710048675
0.9325686526298523
0.9347206437587738
0.9424607717990875
0.9393569445610046
0.924989037513733
0.9268433821201324
0.9335063946247101
0.9193426036834716
0.9145078182220459
0.9213835322856903
0.9202648437023163
0.9181464242935181
0.9295417284965515
0.9294752693176269
0.929738986492157
0.9209066927433014
0.9270170223712921
0.9209997296333313
0.9320291984081268
0.9340409541130066
0.9157425343990326
0.9152861535549164
0.9060013210773468
0.9072515964508057
0.9077287888526917
0.9008628797531127
0.9122674810886383
0.9123446023464203
0.9245886468887329
0.9002389407157898
0.8969809246063233
0.9004725730419159
0.8959561371803284
0.8967432737350464
0.9155492305755615
0.9195229530334472
0.8990739738941192
0.9104323697090149
0.9129262506961823
0.9163475000858307
0.9070685601234436
0.9005000352859497
0.8970808708667755
0.918864768743515
0.9060731136798859
0.9009102642536163
0.888996844291687
0.9060589802265168
0.9038521587848664
0.8838880777359008
0.9009595477581024
0.883481593132019
0.8920655846595764
0.8892875385284423
0.8975929403305054
0.895907472372055
0.9026407301425934
0.8819925153255462
0.8846224677562714
0.9024619174003601
0.9056355273723602
0.8926366364955902
0.9008264970779419
0.894909393787384
0.8966686129570007
0.898666785955429
0.8684538221359253
0.9022423303127289
0.8784757149219513
0.8762245452404023
0.8834656178951263
0.8943633532524109
0.8936015689373016
0.8916697633266449
0.8768053781986237
0.8727945840358734
0.8794526362419128
0.8834920358657837
0.8886022138595581
0.8838865983486176
0.8870323312282562
0.8615605282783508
0.890533195734024
0.880553731918335
0.8773453414440155
0.8742675864696503
0.8865558731555939
0.887425229549408
0.8855638003349304
0.8947907829284668
0.8773112368583679
0.8731293320655823
0.8906417667865754
0.8765052676200866
0.8895890104770661
0.8807773792743683
0.8763438236713409
0.8848659455776214
0.892538789510727
0.8724369561672211
0.8808385002613067
0.8732627737522125
0.8828078901767731
0.8804091489315033
0.8740429079532623
0.8710589802265167
0.8905984210968018
0.8940437090396881
0.8704908084869385
0.8630666196346283
0.8780047607421875
0.8737247478961945
0.8775851047039032
0.8791369223594665
0.8815158462524414
0.8723936414718628
0.8637488031387329
0.8728399884700775
0.8872156071662903
0.859891129732132
0.8649771857261658
0.8744856786727905
0.8686720967292786
0.8786475658416748
0.8743481743335724
0.885968701839447
0.8819400894641877
0.8621220362186431
0.8678332543373108
0.8544718039035797
0.8714011704921723
0.8559473693370819
0.8872225666046143
0.8706330466270447
0.874499146938324
0.8700089490413666
0.8642585611343384
0.8558425998687744
0.8814178836345673
0.8673388028144836
0.8789594888687133
0.8492503941059113
0.8679073667526245
0.8614915609359741
0.8796430039405823
0.8592982721328736
0.8749112331867218
0.8650584506988526
0.8779890072345734
0.867575557231903
0.8658359813690185
0.865333753824234
0.8818793165683746
0.8549976861476898
0.8613861572742462
0.8782461488246918
0.8411897385120392
0.8627923679351807
0.8563402283191681
0.8756874895095825
0.8573807764053345
0.8691150295734406
0.8444286155700683
0.8633394646644592
0.8365686213970185
0.8511050403118133
0.8762862575054169
0.8924571788311004
0.8531753468513489
0.8831751096248627
0.8780332434177399
0.8804704582691193
0.8544705498218537
0.8766065490245819
0.8611032617092133
0.8642327165603638
0.8750612998008728
0.8485364925861358
0.8657967865467071
0.8722900855541229
0.8657967150211334
0.8598496389389038
0.8624545228481293
0.8773202645778656
0.8620494270324707
0.859386260509491
0.8419110584259033
0.8596879708766937
0.8761045706272125
0.8647361254692078
0.8717123746871949
0.8637643086910248
0.8412160611152649
0.8673261439800263
0.8724486589431762
0.8616173005104065
0.8527692651748657
0.857397952079773
0.8434308314323425
0.8640954458713531
0.8414807093143463
0.8593370699882508
0.8669650447368622
0.8479149317741395
0.8502452766895294
0.8523040556907654
0.8488738715648652
0.8300672841072082
0.8710993444919586
0.8221973741054535
0.8366473972797394
0.8265249466896057
0.8400273406505585
0.8539509069919586
0.8300644600391388
0.8366834211349488
0.860091735124588
0.8320137691497803
0.8473595201969146
0.8229487669467926
0.8651206016540527
0.8166387403011321
0.8508037829399109
0.8244796192646027
0.8728421878814697
0.8187365305423736
0.8183151757717133
0.8276781606674194
0.7939651870727539
0.8635635125637054
0.8237399280071258
0.8370111906528472
0.8114302337169648
0.8101934540271759
0.8180276119709015
0.8186444735527039
0.8289320731163025
0.8000782001018524
0.8234754097461701
0.819338995218277
0.8587248861789704
0.812774612903595
0.8128487026691437
0.8207828378677369
0.8057188272476197
0.8209700679779053
0.8269342601299285
0.7903897166252136
0.7943335318565369
0.8013189792633056
0.7915493381023407
0.8045811879634858
0.7742335546016693
0.8168471813201904
0.7945322108268738
0.819834656715393
0.7829979515075683
0.7989722990989685
0.8018653237819672
0.7685719013214112
0.7507729375362396
0.8017597699165344
0.802038449048996
0.7826200330257416
0.7945087993144989
0.8204509019851685
0.8183927083015442
0.7915311026573181
0.7656859982013703
0.7713801109790802
0.8077806901931762
0.7765598571300507
0.7910906350612641
0.8085771858692169
0.8028020024299621
0.789558641910553
0.7691079127788544
0.8089478123188019
0.8022734463214874
0.8047436201572418
0.7884398519992828
0.7704075074195862
0.776724773645401
0.778404632806778
0.7682457876205444
0.7787858581542969
0.7798858112096787
0.792342278957367
0.7751095008850097
0.7582085061073304
0.7736352443695068
0.7775668513774872
0.7882217764854431
0.7872748637199402
0.7852861261367798
0.7795846509933472
0.7860285699367523
0.7787316155433655
0.7702902817726135
0.7522532600164413
0.795479416847229
0.8152686822414398
0.7681636738777161
0.7859486901760101
0.733166686296463
0.7770544719696045
0.7821091771125793
0.7414555764198303
0.7795564496517181
0.8107423055171966
0.7757596945762635
0.7817861497402191
0.7641370356082916
0.776231335401535
0.777675039768219
0.7801404345035553
0.7837652230262756
0.7728910684585572
0.7674504053592682
0.7631945168972015
0.8007083582878113
0.7614429485797882
0.7575163984298706
0.7666547775268555
0.7673697310686112
0.7596511936187744
0.784652305841446
0.7705912685394287
0.7681821215152741
0.7800368297100068
0.7879612910747528
0.7750150907039642
0.7905652678012848
0.765244892835617
0.7660680520534515
0.7578441250324249
0.7896312510967255
0.7746449661254883
0.771912715435028
0.7719554769992828
0.7860811889171601
0.7895432937145234
0.7566320264339447
0.7806573688983918
0.7618945521116257
0.7634566986560821
0.7484148287773132
0.757559918165207
0.7456951713562012
0.7701959133148193
0.7544741868972779
0.7583543074131012
0.7732573914527893
0.7883660078048706
0.7506490182876587
0.7801784199476242
0.7555800271034241
0.7795587718486786
0.76782909989357
0.7782382905483246
0.7827666687965393
0.7563069558143616
0.7853255534172058
0.7721889984607696
0.7700483870506286
0.7808000731468201
0.7680006581544876
0.7839972484111786
0.7598914182186127
0.7402264869213104
0.74106525182724
0.7642195510864258
0.787859114408493
0.7678667783737183
0.7612963080406189
0.724778773188591
0.7716738367080689
0.7852931177616119
0.7446254765987397
0.7811888372898101
0.7559955954551697
0.7526421499252319
0.7408531928062438
0.7816347551345825
0.7457712137699127
0.7644640803337097
0.7523710405826569
0.7576828217506408
0.7660073679685593
0.7578125679492951
0.7757490837574005
0.773529816865921
0.7589868915081024
0.7338313496112824
0.7485317623615265
0.7718041551113128
0.7239776027202606
0.7582317626476288
0.7600651323795319
0.747803772687912
0.740390647649765
0.7757675683498383
0.7519318306446076
0.7519920945167542
0.7723925971984863
0.7632512128353119
0.7592094624042511
0.7678846418857574
0.7785130023956299
0.777445205450058
0.734176824092865
0.7328853726387023
0.7739601552486419
0.758448053598404
0.780357882976532
0.7419720375537873
0.7841309595108032
0.7705509388446807
0.7583356404304504
0.7764382910728455
0.7526938772201538
0.7624036812782288
0.7612533241510391
0.7730566966533661
0.7488628351688384
0.7490028393268585
0.7696238446235657
0.7409590017795563
0.7729579150676728
0.7554105532169342
0.7287722158432007
0.7605039894580841
0.764744702577591
0.7655302727222443
0.7646659195423127
0.7351064324378968
0.7732281136512756
0.744643794298172
0.7331433260440826
0.7496293747425079
0.7772115850448609
0.7438741701841355
0.7575294327735901
0.7599445354938507
0.7364071094989777
0.7314453244209289
0.744286949634552
0.7712779051065445
0.734058278799057
0.7336504662036896
0.7379084324836731
0.7303877806663513
0.7653427010774613
0.7738346219062805
0.7080917894840241
0.7644080591201782
0.7501234328746795
0.7038446772098541
0.748607217669487
0.7480808520317077
0.723228485584259
0.726223247051239
0.7733217740058899
0.7135997235774993
0.7307717454433441
0.7738753116130829
0.7266507923603058
0.7787230455875397
0.7440115487575532
0.733172653913498
0.7496039748191834
0.7689342331886292
0.7271396285295486
0.7319797968864441
0.762788155078888
0.730248316526413
0.7833106327056885
0.7546809923648834
0.7633177673816681
0.7347777831554413
0.7526273226737976
0.7548895597457885
0.7590335583686829
0.7549110531806946
0.7175516784191132
0.7243879306316375
0.7546410310268402
0.7618173211812973
0.7607887327671051
0.7259363877773285
0.7467687356472016
0.7532775950431824
0.7229593396186829
0.767098149061203
0.7413369858264923
0.7334799635410308
0.7277543425559998
0.7705099511146546
0.7608649182319641
0.728020316362381
0.727755470275879
0.7563986897468566
0.7188222944736481
0.7270633506774903
0.7358227121829987
0.7201808559894561
0.7301134538650512
0.7560625267028809
0.7174833768606186
0.7505856132507325
0.7258066827058792
0.7189531975984573
0.7460325157642365
0.7405510151386261
0.7099022644758225
0.741759250164032
0.7332239365577697
0.7459341168403626
0.7233647406101227
0.7438505387306213
0.7609036326408386
0.7619386577606201
0.7537659215927124
0.7335603392124176
0.7544902575016021
0.7266104221343994
0.7371391379833221
0.7262173426151276
0.7562983632087708
0.7489492225646973
0.7323892140388488
0.7510755372047424
0.7359500181674957
0.750016622543335
0.7418887794017792
0.7298528754711151
0.7322171366214753
0.7331456118822097
0.7527371287345886
0.7259949088096619
0.7352540826797486
0.7100659263134003
0.72601447224617
0.7064206063747406
0.763248046040535
0.7378369128704071
0.71218432366848
0.7559320390224457
0.777389223575592
0.7506988978385926
0.7370381581783295
0.7328600150346756
0.7484356784820556
0.715054407119751
0.7392404782772064
0.7599612832069397
0.7115141749382019
0.773829460144043
0.728614239692688
0.7246113801002503
0.7493866157531738
0.7168656975030899
0.7158282685279846
0.7489186388254165
0.7495924341678619
0.7660782444477081
0.7110156655311585
0.7341582953929902
0.7151631742715836
0.7578113108873368
0.7516468214988709
0.7200148987770081
0.744677614569664
0.7435860061645507
0.7478403997421265
0.7428423964977264
0.7577986812591553
0.7433273005485534
0.746624904870987
0.713512088060379
0.750383837223053
0.7355856800079346
0.7322797435522079
0.7270419132709504
0.7621822392940522
0.7383521258831024
0.7201748096942902
0.7328092408180237
0.7298074746131897
0.7302010118961334
0.7251763492822647
0.7363150095939637
0.7486323285102844
0.7387624788284302
0.7564418303966522
0.7701669573783875
0.7258682173490524
0.7183215844631196
0.7494115078449249
0.709129935503006
0.744724133014679
0.7352911221981049
0.7274221897125244
0.743272477388382
0.7448921310901642
0.7079249143600463
0.7444172298908234
0.7436115539073944
0.7308417773246765
0.7460785329341888
0.7403861564397812
0.7430521810054779
0.7253233140707016
0.7408302330970764
0.7279426676034927
0.7555279517173767
0.7095313900709153
0.7213540053367615
0.7495553159713745
0.7366701030731201
0.7388097405433655
0.737955412864685
0.7107350540161133
0.7371212005615234
0.7384391611814499
0.7431469333171844
0.7517209786176682
0.7319744062423706
0.7361861193180084
0.7044270956516265
0.722426483631134
0.7471428918838501
0.7234066045284271
0.7262757563591004
0.7161837434768676
0.7397009587287903
0.7550006222724914
0.7126369988918304
0.7223748409748078
0.7366943770647049
0.7343994188308716
0.7217515087127686
0.720709707736969
0.6973633342981338
0.7184008002281189
0.715639134645462
0.7296619188785552
0.7324834048748017
0.7460040831565857
0.724083536863327
0.752295297384262
0.7585119658708572
0.7601353013515473
0.715990617275238
0.7400195014476776
0.7801178014278412
0.753763518333435
0.7845527660846711
0.7352201223373414
0.748937304019928
0.735897125005722
0.7510497903823853
0.7541861653327941
0.7264739084243774
0.724590715765953
0.7454846000671387
0.7570014822483063
0.7270610696077346
0.7373157060146331
0.7297783613204956
0.7216005611419678
0.7461883664131165
0.7626377737522125
0.7716154444217682
0.7339350759983063
0.7196297895908356
0.7002588671445846
0.7162491637468338
0.7291940450668335
0.763007515668869
0.724355229139328
0.7397315394878388
0.7100574225187302
0.7539338254928589
0.7195592826604843
0.7336383509635925
0.7143155300617218
0.7129495406150818
0.747418018579483
0.7231058239936828
0.7448203259706497
0.7375804364681244
0.7130716216564178
0.7440948617458344
0.7020982265472412
0.740082573890686
0.7263082802295685
0.7063321006298066
0.7203971004486084
0.7088601732254028
0.7315223205089569
0.7025539016723633
0.717454451918602
0.7339114940166473
0.7266057753562927
0.7372084498405457
0.7275177085399628
0.7314070427417755
0.7438982188701629
0.7325319230556488
0.7159061396121978
0.7475895619392395
0.7323853874206543
0.7261872053146362
0.7557771337032319
0.7142312180995941
0.7106296741962432
0.7033205842971801
0.7214946448802948
0.6998865127563476
0.6919766020774841
0.7358201318979263
0.7344385838508606
0.7324198520183564
0.7311297529935836
0.7514517629146575
0.7481037014722824
0.7140195393562316
0.7698645842075348
0.7187063705921173
0.7209799420833588
0.7323233306407928
0.7163658809661865
0.7182807898521424
0.7244934570789338
0.7393840408325195
0.7269284129142761
0.7502737462520599
0.7189153581857681
0.7165354549884796
0.7288379776477814
0.7268756306171418
0.7078236258029937
0.7306710863113404
0.7278333806991577
0.7463824510574341
0.725678699016571
0.7333920657634735
0.7234851396083832
0.7072696185112
0.7306973570585251
0.7537532615661621
0.7507025969028472
0.7244722938537598
0.744243655204773
0.7491444456577301
0.7195731782913208
0.7483010971546173
0.733256322145462
0.7260248136520385
0.701429962515831
0.7297007501125335
0.7183478707075119
0.752638463973999
0.7342416453361511
0.7164836376905441
0.7103001469373703
0.7084961551427841
0.7285095202922821
0.7321813571453094
0.7433950710296631
0.745563815832138
0.7285267525911331
0.720292375087738
0.7771794700622559
0.7517885828018188
0.7198801767826081
0.7318593621253967
0.740079790353775
0.7414253151416779
0.6990477192401886
0.7121769106388092
0.716029332280159
0.7949524277448654
0.7452928352355958
0.7437823790311814
0.7425594818592072
0.741535222530365
0.7351568168401719
0.7375179660320282
0.7201831912994385
0.7196783590316772
0.7448908627033234
0.7342102193832397
0.7292905831336975
0.7319947642087936
0.741352825164795
0.7233847165107727
0.7133260333538055
0.7417599403858185
0.7162335765361786
0.7050280952453614
0.7652296912670136
0.7038458657264709
0.7319022715091705
0.7252856135368347
0.721167162656784
0.6840473645925522
0.7248222303390502
0.7446252870559692
0.7025713193416595
0.7120432728528976
0.7501883089542389
0.7328476780652999
0.7134744489192962
0.7230233716964721
0.703078989982605
0.7545132374763489
0.7526888859272003
0.7112023460865021
0.7301195061206818
0.7212168437242508
0.7309893631935119
0.7119712245464325
0.7553402960300446
0.7265775871276855
0.7512031745910644
0.697918404340744
0.7168584716320038
0.7276244735717774
0.7237672793865204
0.7221741008758545
0.7205259734392166
0.7475537151098252
0.7215153634548187
0.7181256330013275
0.7414017105102539
0.6767977547645568
0.7323711597919464
0.7281320440769196
0.7369816899299622
0.7100220513343811
0.7443498957157135
0.7343289852142334
0.7193811291456222
0.7439883947372437
0.7266552186012268
0.7208914542198182
0.7456820154190064
0.7202829205989838
0.7319320344924927
0.7375765442848206
0.7588055670261383
0.7197318768501282
0.7245249450206757
0.7129653811454773
0.7315579688549042
0.7206335860490799
0.7275409889221192
0.725823375582695
0.6968894648551941
0.7553535056114197
0.7206773042678833
0.72436736702919
0.7283543878793717
0.6986721402406693
0.7288569915294647
0.714050195813179
0.7316306793689727
0.7095227110385894
0.736727831363678
0.7351888960599899
0.7336116445064544
0.7358308589458465
0.7392141449451447
0.7214390361309051
0.7089434772729873
0.71623202085495
0.7449060410261155
0.7031226891279221
0.7228636729717255
0.7302676749229431
0.7242112529277801
0.7336589074134827
0.717915712594986
0.7273904597759246
0.7231552958488464
0.737593994140625
0.7317508679628372
0.7347006130218506
0.7295999622344971
0.7184504103660584
0.7405528426170349
0.6873798090219497
0.7024599587917328
0.7338604021072388
0.7252396476268769
0.7162242412567139
0.7318832099437713
0.7086105787754059
0.7255606770515441
0.7216750240325928
0.7591862165927887
0.724543206691742
0.7247243213653565
0.7261084175109863
0.7132145309448242
0.724723962545395
0.7324132978916168
0.7316265308856964
0.7171916222572327
0.7626668751239777
0.722990995645523
0.7574707198143006
0.757636855840683
0.7300384199619293
0.7378672897815705
0.7322375059127808
0.7467181098461151
0.7151076829433441
0.7221963512897491
0.7378871816396714
0.7458412384986878
0.7230211436748505
0.7118466395139694
0.7284492594003678
0.7350026130676269
0.7244406425952912
0.7371212244033813
0.7238531506061554
0.7396814572811127
0.7182675790786743
0.7233877837657928
0.7018842524290085
0.7286993765830994
0.7261727786064148
0.7448512756824494
0.7380864667892456
0.7361473226547242
0.7213096952438355
0.6838967031240464
0.7084657001495361
0.7351056730747223
0.7023120701313019
0.7196192502975464
0.7136250567436219
0.7528704035282135
0.735663161277771
0.7248955261707306
0.7559383547306061
0.7345995163917541
0.7178736305236817
0.734282773733139
0.7554273301362991
0.740663845539093
0.7280818355083466
0.748081237077713
0.7227968466281891
0.7327438348531723
0.729818896651268
0.7049825555086136
0.7122095590829849
0.7179403167963028
0.7177058339118958
0.7472533535957336
0.7053111612796783
0.7396400260925293
0.7548296058177948
0.7269991421699524
0.720966385602951
0.7344131988286972
0.7181226110458374
0.7202852857112885
0.724885076880455
0.7317119288444519
0.7332973086833954
0.729120677113533
0.7096203792095185
0.7415589034557343
0.7219637274742127
0.7186715579032898
0.7280414998531342
0.7362819981575012
0.7413465452194213
0.724865208864212
0.7356397521495819
0.7268083852529525
0.7120818221569061
0.7492880666255951
0.7552399170398713
0.6871396565437317
0.729163174033165
0.7403917801380158
0.7177049684524536
0.7002401900291443
0.7191544330120087
0.7551773881912232
0.7471090757846832
0.705392439365387
0.7339723134040832
0.7356343334913253
0.7071416997909545
0.7568446004390716
0.7541558587551117
0.7095784920454026
0.7300494050979615
0.7242125403881073
0.7416363370418548
0.7568717622756957
0.7288650906085968
0.7476520156860351
0.7182875913381577
0.7121156018972397
0.750886834859848
0.726572448015213
0.7056455165147781
0.7046800673007965
0.7124844384193421
0.7485289895534515
0.7301958537101746
0.7291581869125366
0.7045512592792511
0.7336960357427597
0.7258289349079132
0.747001861333847
0.7381428360939026
0.7208464640378952
0.7272026485204697
0.7106966090202331
0.7164173746109008
0.7173400890827178
0.7292158555984497
0.7454670071601868
0.7281447875499726
0.7128526568412781
0.7350763726234436
0.7113266670703888
0.7270912432670593
0.7116411155462266
0.7622511494159698
0.7527683043479919
0.7358976626396179
0.7366968047618866
0.7344673776626587
0.7416352701187133
0.7376664865016938
0.7088822340965271
0.7072581189870835
0.7356851726770401
0.7135225427150726
0.7161555325984955
0.7369938564300537
0.7338188046216965
0.7189485299587249
0.7442730331420898
0.7069009703397751
0.7474582934379578
0.7076875728368759
0.7231419003009796
0.736572836637497
0.7089005494117737
0.764281358718872
0.7291950392723083
0.7150913125276566
0.7319823002815247
0.743283884525299
0.7385420954227447
0.7356462919712067
0.7286847412586213
0.6960129469633103
0.7246856337785721
0.7209869074821472
0.7210114657878876
0.7344266927242279
0.7386876380443573
0.739806387424469
0.7211165976524353
0.7252442938089371
0.7322915327548981
0.7254596126079559
0.7414989060163498
0.7025416958332061
0.7301598298549652
0.7429006934165955
0.7321399384737015
0.7252677762508393
0.7310070359706878
0.7240229904651642
0.708474041223526
0.724891164302826
0.7151933562755585
0.7133981090784073
0.7047997164726257
0.737026391029358
0.7235155248641968
0.7255672442913056
0.7275031137466431
0.7323364436626434
0.7129008793830871
0.7278103387355804
0.7301843535900115
0.7239740067720413
0.7285770618915558
0.7298080253601075
0.7277686721086503
0.7487095141410828
0.7099951326847076
0.7175423228740692
0.7137612068653106
0.7310138785839081
0.72639290869236
0.7292795622348786
0.7393420839309692
0.7388733327388763
0.7060115242004394
0.7275543570518493
0.7089219379425049
0.7167667162418365
0.705530880689621
0.6984042739868164
0.7535390841960907
0.7641082239151001
0.7051332664489746
0.7434256660938263
0.7313539743423462
0.7569243121147156
0.7061184823513031
0.7203611052036285
0.6892771351337433
0.6889123278856277
0.7258736038208008
0.7077739036083222
0.7210242241621018
0.7151921182870865
0.7122248125076294
0.7209326004981995
0.7256724065542222
0.7612488567829132
0.7253299582004548
0.7222660863399506
0.7003032839298249
0.6960854732990265
0.7205492889881134
0.7218700277805329
0.709513573050499
0.7266093552112579
0.75087975025177
0.7251749551296234
0.7332280266284943
0.7346656000614167
0.7129470670223236
0.7089031553268432
0.7317588150501251
0.7184888380765915
0.7206836473941803
0.7266521298885346
0.7182900846004486
0.70452681183815
0.7468023765087127
0.711619873046875
0.7173767280578613
0.7323164129257203
0.7378163224458695
0.7296993881464005
0.6875407779216767
0.7395171117782593
0.7208570337295532
0.7265268242359162
0.7116809272766114
0.745200605392456
0.6920198440551758
0.7103518927097321
0.6991772419214248
0.7352429133653641
0.7414311790466308
0.7268915176391602
0.7332462787628173
0.721077516078949
0.7114506769180298
0.720040882229805
0.7053606677055358
0.7352989369630814
0.7200076365470887
0.73028171479702
0.7349997413158417
0.731933833360672
0.6973697769641877
0.7116992336511612
0.7305459022521973
0.7109655803442001
0.7444369649887085
0.7019322353601456
0.7303471970558166
0.7250331676006317
0.715899955034256
0.7114880084991455
0.7566333341598511
0.7403010553121567
0.7525644648075104
0.7014874613285065
0.7270080959796905
0.7182170748710632
0.7226102471351623
0.7140021288394928
0.7114794033765793
0.7062966579198837
0.7214436233043671
0.722320556640625
0.7356008589267731
0.7160950750112534
0.7476692390441895
0.7032157206535339
0.7305094182491303
0.7485182499885559
0.7214850854873657
0.7117313551902771
0.7354289293289185
0.6924861288070678
0.7301500940322876
0.7490830051898957
0.7385813534259796
0.7222150129079818
0.7097861623764038
0.7200169134140014
0.7296079790592194
0.7515717160701751
0.7133783483505249
0.7311701488494873
0.7087099313735962
0.7176025652885437
0.6877510058879852
0.7005629396438598
0.6993624794483185
0.731910924911499
0.7179002290964127
0.7118128705024719
0.7344614958763123
0.7201223820447922
0.7161301743984222
0.744687432050705
0.7311772257089615
0.7517747962474823
0.7301678287982941
0.7227261686325073
0.7080596649646759
0.7098226380348206
0.7087405931949615
0.7209870463609696
0.737227029800415
0.7332616370916366
0.7115055620670319
0.7242740607261657
0.7152057349681854
0.725243980884552
0.7054002666473389
0.7238801968097687
0.7531685006618499
0.7153041577339172
0.7196496111154557
0.7236628043651581
0.7117833417654037
0.6971161013841629
0.7354385757446289
0.7637918281555176
0.7196012574434281
0.7276452642679214
0.7038710355758667
0.7161143481731415
0.7393447959423065
0.7412559723854065
0.701642347574234
0.6977191871404648
0.7325867986679078
0.7340322995185852
0.7124397838115692
0.7045789474248886
0.701127541065216
0.7376170694828034
0.7329366719722747
0.7246086364984512
0.7057223182916641
0.7109404993057251
0.707369146347046
0.7119133758544922
0.7178216469287872
0.7264627444744111
0.6969356048107147
0.7080060529708863
0.7185781806707382
0.7338728368282318
0.7123522740602494
0.7287922662496567
0.7138581466674805
0.6960221874713898
0.7287195765972138
0.7276313525438308
0.7399537670612335
0.7189866697788239
0.7259699791669846
0.731244889497757
0.7306047874689102
0.7240572774410248
0.7251788830757141
0.7036749279499054
0.6829802322387696
0.6930223828554154
0.7313472604751587
0.7347020363807678
0.7151692759990692
0.7193009376525878
0.7482285916805267
0.7238224935531616
0.7474102067947388
0.7427256321907043
0.727102233171463
0.7479016411304474
0.7135056698322296
0.6951295495033264
0.7115841710567474
0.7341014885902405
0.7130200749635697
0.7484279835224151
0.74541268825531
0.687034217119217
0.7187005579471588
0.7297322118282318
0.7545205140113831
0.7396075141429901
0.7234130203723907
0.722149133682251
0.7340988516807556
0.7409625780582428
0.7273637926578522
0.7420468378067017
0.7450328099727631
0.7174888730049134
0.7087538760900497
0.7305549538135528
0.7101869875192642
0.6922483396530151
0.7379081678390503
0.7108636975288392
0.7446463614702225
0.7258971965312958
0.7425056397914886
0.7083335173130035
0.7152115082740784
0.7549049413204193
0.7030435693264008
0.7234884625673295
0.7064363837242127
0.6921525853872299
0.7408688282966613
0.7269322144985199
0.7421905982494355
0.6924496692419052
0.7327898442745209
0.7460891449451447
0.7068556213378906
0.754097295999527
0.7384675550460815
0.7190690612792969
0.7387793374061584
0.7055964291095733
0.7256688052415847
0.7376308035850525
0.7285835826396942
0.7168565595149994
0.7373748022317886
0.7200052726268769
0.7129950308799744
0.7504440641403198
0.7442215037345886
0.7070913887023926
0.7132781535387039
0.7392018282413483
0.7301833415031433
0.7229308569431305
0.7042387115955353
0.694593825340271
0.7116269671916962
0.7265142595767975
0.7305049121379852
0.723999125957489
0.7285322046279907
0.714888014793396
0.7347083771228791
0.7051999688148498
0.6926933538913727
0.71981351852417
0.7215315467119217
0.7527793288230896
0.705008647441864
0.7306989926099777
0.7413460922241211
0.736864150762558
0.729284371137619
0.7349732041358947
0.720993572473526
0.728933937549591
0.755656578540802
0.7328548598289489
0.7379083502292633
0.7193993651866912
