3.070379557609558
3.0107321071624757
2.9749728727340696
3.095234899520874
2.9712089920043945
3.0299162101745605
2.9808086919784547
3.0508668327331545
3.0422425365447996
3.0161042833328247
3.0381487941741945
3.0331750679016114
2.997783818244934
3.0504510736465456
2.96612464427948
3.0079791069030763
3.0117161750793455
2.928027844429016
2.975587797164917
3.0473376178741454
3.027343168258667
2.9380240392684938
2.9276501178741454
2.9896746349334715
2.9277975034713744
2.8827803230285642
2.9715171432495118
2.932798366546631
2.9433413219451903
2.946617078781128
2.924012722969055
2.896296000480652
2.866106276512146
2.970001010894775
2.9099233865737917
2.9084626770019533
2.8877669763565064
2.918172173500061
2.910015048980713
2.8487778234481813
2.8571111011505126
2.911071190834045
2.9050847482681275
2.8614601469039918
2.8506359815597535
2.9431713438034057
2.9254693460464476
2.8619256258010863
2.9136010885238646
2.9369320344924925
2.8997144412994387
2.9322351360321046
2.893706316947937
2.8656001901626587
2.868879475593567
2.8635433435440065
2.8491623306274416
2.8605920124053954
2.87379599571228
2.8819692373275756
2.933532838821411
2.859092435836792
2.8852387857437134
2.916926827430725
2.8809370946884156
2.882636842727661
2.8905420684814453
2.8692395877838135
2.8743529319763184
2.878293414115906
2.9226512002944944
2.888709321022034
2.8872130489349366
2.90343270778656
2.863122992515564
2.908118710517883
2.9094927644729616
2.839207525253296
2.930538454055786
2.8830254173278806
2.869632863998413
2.8743585252761843
2.8861100387573244
2.866265740394592
2.8945222520828247
2.8256616163253785
2.8609464025497435
2.9194699716567993
2.950143508911133
2.8544568109512327
2.8314108943939207
2.8987585592269896
2.891551856994629
2.8847631454467773
2.8834074783325194
2.847348065376282
2.8832084608078
2.840140767097473
2.781843285560608
2.9267208623886107
2.839665479660034
2.8223205471038817
2.8933914852142335
2.888935661315918
2.887032084465027
2.878544192314148
2.8352096271514893
2.8552169752120973
2.8447098207473753
2.848692922592163
2.927215919494629
2.883104319572449
2.868936071395874
2.833891649246216
2.9040951538085937
2.872419447898865
2.869409022331238
2.830696687698364
2.9085584545135497
2.8791284465789797
2.821459426879883
2.867378840446472
2.838380208015442
2.8734228897094725
2.9015107917785645
2.8048785877227784
2.87713707447052
2.8305782794952394
2.894060535430908
2.8345458412170412
2.871954879760742
2.8566328144073485
2.885616979598999
2.854972014427185
2.8605899906158445
2.8623667335510254
2.879128918647766
2.8476050901412964
2.8823788452148436
2.890302829742432
2.8490156745910644
2.836068139076233
2.8857114124298096
2.7959276151657106
2.8328062963485716
2.8603251600265502
2.9183507633209227
2.8766937685012817
2.8467460107803344
2.8077178716659548
2.870760703086853
2.8305175590515135
2.8401452827453615
2.8275035715103147
2.8194617223739624
2.8104975938797
2.7744864559173585
2.851493444442749
2.7858500385284426
2.825830926895142
2.774953594207764
2.781104154586792
2.856914939880371
2.8688459539413453
2.9041015338897704
2.8557252502441406
2.8562553310394287
2.8698684549331666
2.8168208360672
2.8005836391448975
2.818417105674744
2.8329639291763304
2.833795738220215
2.8834939002990723
2.8096908283233644
2.8364916133880613
2.868220410346985
2.8779995679855346
2.875352120399475
2.8655431699752807
2.8848862504959105
2.844347805976868
2.8659769010543825
2.8587912940979003
2.8817453145980836
2.82334041595459
2.8619318056106566
2.8128335237503053
2.832064356803894
2.8206642961502073
2.8496710586547853
2.8391241312026976
2.864174828529358
2.8470425462722777
2.870085515975952
2.89234920501709
2.7708854246139527
2.8114345550537108
2.9104637002944944
2.9356491327285767
2.8472545766830444
2.9219428491592407
2.8500741863250734
2.850735969543457
2.860464196205139
2.9069631195068357
2.902317771911621
2.8852125215530395
2.914072608947754
2.805204610824585
2.8688219022750854
2.887134799957275
2.898847498893738
2.8572700309753416
2.8630608463287355
2.8981247186660766
2.846294903755188
2.8267158699035644
2.823092470169067
2.8556442737579344
2.8864835357666014
2.907199821472168
2.842878723144531
2.887350277900696
2.844117217063904
2.9512131118774416
2.9326141691207885
2.8701404762268066
2.8483522224426268
2.9312799882888796
2.8836038589477537
2.9607029151916504
2.8905879402160646
2.888313932418823
2.958434891700745
2.883310971260071
2.900371246337891
2.9102331304550173
2.855987205505371
2.9399664497375486
2.992375302314758
2.8952243232727053
2.937940125465393
2.8724024534225463
2.951340470314026
2.9468538761138916
2.923955216407776
2.9054502201080323
2.9579430627822876
2.8807767724990843
2.929171199798584
2.8900585889816286
2.9210338830947875
2.8889944076538088
2.9914068603515624
2.934522967338562
2.9711241006851195
2.821409335136414
2.862228102684021
2.9504534816741943
2.9901616954803467
3.018162293434143
2.8440326118469237
2.9036790704727173
2.9768057823181153
2.8595049715042116
2.9882042455673217
2.9701777029037477
2.954967246055603
2.8655718898773195
2.971324853897095
2.936982626914978
2.9030917835235597
2.907681555747986
2.8868468618392944
2.863381142616272
2.9159455728530883
2.9090126609802245
2.949583315849304
2.9211194133758545
2.9264770793914794
2.943673601150513
2.9149084854125977
2.921916060447693
2.9301105403900145
2.9728383874893187
2.9495700454711913
2.8916284132003782
2.9760629415512083
2.957456407546997
2.9617643404006957
2.8646788692474363
2.892449254989624
2.962339129447937
2.8693944931030275
2.890321078300476
2.954298391342163
2.9410345363616943
2.8577147197723387
2.887808003425598
2.916514072418213
2.9251095771789553
2.879141621589661
2.9004940223693847
2.8525558519363403
2.882153196334839
2.8756826162338256
2.96971483707428
2.9008536291122438
2.941685094833374
2.8750414991378785
2.9472955322265624
2.915731463432312
2.9106550455093383
2.890627679824829
2.8937778806686403
2.9515161991119383
2.8938771057128907
2.896246242523193
2.894260678291321
2.9169768333435058
2.9057235860824586
2.89112726688385
2.958944330215454
3.0029986619949343
2.8959131956100466
2.910360107421875
2.876459836959839
2.827418284416199
2.832669539451599
2.927210597991943
2.953360104560852
2.8937187814712524
2.844791374206543
2.949678511619568
2.9626638078689576
2.86819899559021
2.8875986337661743
2.9548339462280273
2.890331840515137
2.9824880027770995
2.9735411262512206
2.81430597782135
2.929054365158081
2.8952088928222657
2.8832861232757567
2.8370763158798216
2.8766450119018554
2.967415018081665
2.883119649887085
2.8701274681091307
2.857401056289673
2.9352786540985107
2.91865092754364
2.8773159742355348
2.9163118171691895
2.885289044380188
2.8970971059799195
2.799249110221863
2.922403883934021
2.9378489542007444
2.7733475971221924
2.8078997850418093
2.911194095611572
2.980773892402649
2.8673151302337647
2.7972607135772707
2.809687647819519
2.9324560832977293
2.9058739614486693
2.8611050987243654
2.8529692554473876
2.8283227920532226
2.9417734336853028
2.8961860036849973
2.9000128078460694
2.8223964595794677
2.88290461063385
2.858987226486206
2.874475507736206
2.8528214406967165
2.919172487258911
2.9591618251800536
2.884104599952698
2.884982271194458
2.900733847618103
2.8640485334396364
2.8431821918487548
2.880479884147644
2.9420688152313232
2.852114176750183
2.8846051263809205
2.8613040018081666
2.867912268638611
2.9632282638549805
2.8378658533096313
2.8569533824920654
2.839870238304138
2.8214100408554077
2.837461247444153
2.84760621547699
2.9123073482513426
2.8497038745880126
2.843994517326355
2.9688422775268553
2.8509899139404298
2.789121537208557
2.8810099029541014
2.9010141706466674
2.8268306970596315
2.8610319566726683
2.888508191108704
2.860268540382385
2.923610877990723
2.8424661779403686
2.849978733062744
2.8274468040466307
2.7810613679885865
2.9038235473632814
2.888765878677368
2.817791109085083
2.798461289405823
2.849561128616333
2.817632908821106
2.8260405683517456
2.835535192489624
2.8277398633956907
2.881142425537109
2.8345380306243895
2.874227604866028
2.822592635154724
2.874690742492676
2.84523458480835
2.830070962905884
2.8284984683990477
2.9467592000961305
2.9089154195785523
2.815604910850525
2.8983932733535767
2.894714159965515
2.757251749038696
2.786541633605957
2.8734212350845336
2.832548747062683
2.7897343015670777
2.861794033050537
2.9264614152908326
2.9167762088775633
2.902450304031372
2.8588133239746094
2.878631343841553
2.861113076210022
2.839257755279541
2.8155401659011843
2.897683959007263
2.8893590450286863
2.856434316635132
2.819301552772522
2.9281775903701783
2.872486572265625
2.822982625961304
2.835617713928223
2.8296835899353026
2.93150643825531
2.8136035060882567
2.8812894296646117
2.8936745357513427
2.8431951236724853
2.876079659461975
2.859727020263672
2.8718126440048217
2.829709892272949
2.898280563354492
2.8236980867385864
2.839102897644043
2.798146352767944
2.843029284477234
2.935560131072998
2.8039026260375977
2.8508057451248168
2.9423399209976195
2.817609658241272
2.9340956258773803
2.8432604694366455
2.8209220218658446
2.784882831573486
2.835347113609314
2.8886236476898195
2.794410161972046
2.7879505491256715
2.9095913934707642
2.8406936168670653
2.783517289161682
2.8540761280059814
2.875576181411743
2.798503165245056
2.928613519668579
2.7959622716903687
2.76446280002594
2.927680516242981
2.8732815408706665
2.812376856803894
2.8232265663146974
2.8179554748535156
2.798389916419983
2.81766695022583
2.786219820976257
2.808933038711548
2.8688331937789915
2.806585178375244
2.894974946975708
2.8908107805252077
2.853008551597595
2.8233679294586183
2.8159802675247194
2.8121025800704955
2.7951382780075074
2.8758054113388063
2.8160339832305907
2.796710977554321
2.865695586204529
2.754785280227661
2.8463550186157227
2.894221878051758
2.8197126054763793
2.840843925476074
2.847614254951477
2.817029538154602
2.7949414253234863
2.8580801010131838
2.823061952590942
2.801564393043518
2.8310126638412476
2.8567630577087404
2.840736131668091
2.8602861833572386
2.825484890937805
2.7611467170715334
2.8267512559890746
2.82175621509552
2.862715129852295
2.8193915367126463
2.7975514411926268
2.8210154390335083
2.8120333909988404
2.8601058530807495
2.8152482461929322
2.876813268661499
2.7979248189926147
2.823506932258606
2.7923448371887205
2.842493004798889
2.8534974002838136
2.8204890871047974
2.731109342575073
2.886979522705078
2.891709637641907
2.7683268880844114
2.8491488170623778
2.8277590751647947
2.876524987220764
2.850612177848816
2.8243791007995607
2.8124289178848265
2.8525539779663087
2.867492847442627
2.7823179960250854
2.8514287805557252
2.8333855199813844
2.8223744106292723
2.8822525358200073
2.844978609085083
2.7918059968948366
2.860943841934204
2.8215285301208497
2.8170246028900148
2.781441082954407
2.8405323934555056
2.795921974182129
2.8159578609466553
2.925624008178711
2.797519884109497
2.822457752227783
2.8384153413772584
2.799160261154175
2.81496039390564
2.8248466300964354
2.81284384727478
2.7775714635849
2.8521265172958374
2.7749170684814453
2.823100290298462
2.913453793525696
2.817306513786316
2.8065617227554323
2.7672668409347536
2.881896047592163
2.8330128479003904
2.7837300395965574
2.811032338142395
2.790723943710327
2.9028398180007935
2.7917594575881957
2.7533682203292846
2.8385293436050416
2.8470457696914675
2.822369627952576
2.865818576812744
2.8310935878753662
2.858745141029358
2.8560880851745605
2.7853282117843627
2.8013552808761597
2.8182939434051515
2.817180895805359
2.8046634197235107
2.7575562810897827
2.831264867782593
2.759688630104065
2.7335425806045532
2.788797073364258
2.8048065090179444
2.830442328453064
2.81634334564209
2.815956130027771
2.7889260721206663
2.8702131652832032
2.850113549232483
2.817307891845703
2.907676787376404
2.812663435935974
2.7753582906723024
2.808039517402649
2.8338186264038088
2.7922976922988894
2.7742044496536256
2.810055956840515
2.733008918762207
2.7588390827178957
2.854154405593872
2.893969612121582
2.7840410900115966
2.872545208930969
2.815818357467651
2.774719877243042
2.8186469078063965
2.8039561033248903
2.8455484104156494
2.78706919670105
2.740286555290222
2.7811184406280516
2.826507544517517
2.801015944480896
2.79206383228302
2.7876260042190553
2.833289465904236
2.7802599000930788
2.813255858421326
2.825238375663757
2.784414873123169
2.790686330795288
2.8225164651870727
2.755897669792175
2.766361646652222
2.859034104347229
2.814901728630066
2.8260704374313352
2.8319362020492553
2.8016758012771605
2.845581374168396
2.722635655403137
2.8394414806365966
2.8122582483291625
2.81948911190033
2.7791716146469114
2.778027405738831
2.7673661136627197
2.8524294900894165
2.859721384048462
2.7481124639511108
2.7691644716262815
2.895674958229065
2.7710714197158812
2.804545588493347
2.8143049907684325
2.755622220039368
2.8266862487792968
2.79446928024292
2.8202274227142334
2.8748760747909547
2.7675044679641725
2.837694239616394
2.760072937011719
2.8150936698913576
2.828121542930603
2.7970846128463744
2.813810396194458
2.7642176723480225
2.8446628570556642
2.789971499443054
2.8247496032714845
2.8313397645950316
2.7490316247940063
2.9462360095977784
2.811654953956604
2.756668610572815
2.928442707061768
2.7920365810394285
2.7517775201797487
2.8653564739227293
2.8009906959533692
2.8090450096130373
2.7648143434524535
2.8694783592224122
2.7197670364379882
2.774575047492981
2.842760453224182
2.878890151977539
2.8090050745010378
2.811500897407532
2.8380805015563966
2.776204619407654
2.8616705894470216
2.778503851890564
2.775101089477539
2.828957314491272
2.7726212549209595
2.826132068634033
2.839865870475769
2.746393346786499
2.8170640754699705
2.791857657432556
2.7669113969802854
2.814537935256958
2.819196929931641
2.8011464881896972
2.7427243423461913
2.790251545906067
2.7294531869888305
2.77643274307251
2.859164056777954
2.805004529953003
2.775693154335022
2.7902441215515137
2.8099830389022826
2.701519055366516
2.775258855819702
2.7570277643203736
2.831337614059448
2.8080374908447268
2.840510759353638
2.758486633300781
2.7429816818237303
2.8151926612854004
2.825264024734497
2.783943428993225
2.8046247339248658
2.8606068801879885
2.7316530418395994
2.7805976104736327
2.9131207704544066
2.753711519241333
2.7603355073928832
2.789787702560425
2.789279055595398
2.802557101249695
2.7826729297637938
2.7756162595748903
2.767133979797363
2.7608325386047365
2.7903615617752076
2.7889636611938475
2.785337710380554
2.843183650970459
2.7441771268844604
2.850033679008484
2.7796253776550293
2.7776283168792726
2.8479480171203613
2.78936598777771
2.81540810585022
2.750404920578003
2.823789176940918
2.835086131095886
2.786682276725769
2.7732240104675294
2.825799517631531
2.8015541219711304
2.821217622756958
2.725340332984924
2.760881905555725
2.8064191007614134
2.8380390119552614
2.7632499742507934
2.780109977722168
2.8790649795532226
2.7485765027999878
2.7885014152526857
2.7947874879837036
2.7545654249191283
2.7869025325775145
2.8394724798202513
2.7681021213531496
2.8229847955703735
2.7938504219055176
2.736615791320801
2.83797345161438
2.933284196853638
2.789795603752136
2.804364414215088
2.8072737216949464
2.793966598510742
2.8095951461791993
2.7516275119781493
2.7736105728149414
2.820016875267029
2.814591522216797
2.8014600038528443
2.789024677276611
2.764871621131897
2.8651583576202393
2.8511182260513306
2.8766700649261474
2.7999257326126097
2.893554210662842
2.8847667932510377
2.804418511390686
2.774263834953308
2.750767402648926
2.802104744911194
2.8300625133514403
2.7875632143020628
2.750304927825928
2.754597144126892
2.8388513326644897
2.7761583518981934
2.7904381561279297
2.8710441827774047
2.7916726732254027
2.7284050130844117
2.810025610923767
2.8080086660385133
2.865406718254089
2.8244073820114135
2.7961784982681275
2.8370163345336916
2.78986469745636
2.7837912702560423
2.7595887899398805
2.7360845184326172
2.8341642475128173
2.767587003707886
2.7458191442489626
2.78894097328186
2.765774760246277
2.853524394035339
2.7633442878723145
2.805596699714661
2.771697325706482
2.793054232597351
2.7459244108200074
2.7626460361480714
2.78170298576355
2.7953712701797486
2.771631803512573
2.7874826526641847
2.778439750671387
2.812511668205261
2.791045699119568
2.785180072784424
2.8422842454910278
2.8092096519470213
2.7617975234985352
2.7419688081741334
2.7931136083602905
2.8188364124298095
2.782126293182373
2.802608323097229
2.824364786148071
2.860675048828125
2.8083160066604616
2.845985870361328
2.797286434173584
2.7440202140808108
2.8870285415649413
2.807177028656006
2.792790246009827
2.6718652772903444
2.781015167236328
2.750816388130188
2.7912899446487427
2.7662913608551025
2.7747459697723387
2.8158049297332766
2.807107701301575
2.789632534980774
2.7692818737030027
2.8159203052520754
2.803310203552246
2.7751069355010984
2.800356779098511
2.744785771369934
2.7754625415802003
2.8058027458190917
2.7916118478775025
2.8021367168426514
2.7720755624771116
2.816655993461609
2.755042009353638
2.7611261653900145
2.8380703496932984
2.728608736991882
2.750047698020935
2.801046905517578
2.8228769159317015
2.751125273704529
2.7845121240615844
2.839757676124573
2.804503335952759
2.802306170463562
2.824866271018982
2.715566349029541
2.858706707954407
2.819309868812561
2.8508517694473268
2.7389584589004516
2.7853612518310547
2.8303726720809936
2.8072148752212525
2.7418855953216554
2.830232844352722
2.75236958026886
2.7562431859970093
2.7858160305023194
2.829511351585388
2.8211549139022827
2.751898069381714
2.8695321178436277
2.8372399950027467
2.721823463439941
2.845602207183838
2.7700315570831298
2.8349839639663696
2.844436535835266
2.7539001655578614
2.9014805603027343
2.840470061302185
2.7444317531585694
2.8069499588012694
2.7894683933258055
2.813333911895752
2.7519949007034303
2.851191563606262
2.7954294061660767
2.822559733390808
2.8242363595962523
2.7623705148696898
2.814116702079773
2.8656063079833984
2.8830380773544313
2.8570647621154786
2.7826423692703246
2.8263893795013426
2.7776912212371827
2.7989037895202635
2.7548748445510864
2.8241217851638796
2.8038186407089234
2.7728487253189087
2.8010973834991457
2.7607502126693726
2.813177351951599
2.8365891551971436
2.7646458101272584
2.730872097015381
2.788651342391968
2.7448913764953615
2.7206881761550905
2.8768591594696047
2.7823192405700685
2.7526211738586426
2.8744098329544068
2.7911590480804445
2.767891459465027
2.769286026954651
2.7949102926254272
2.8376712799072266
2.787770218849182
2.791218094825745
2.826741576194763
2.791574950218201
2.7973246240615843
2.7084914207458497
2.8421221017837524
2.828572254180908
2.8023050928115847
2.8793830394744875
2.7655923414230346
2.781103506088257
2.7858187532424927
2.7994493007659913
2.793288202285767
2.771032814979553
2.7984848022460938
2.726508460044861
2.763331937789917
2.929647011756897
2.7651989698410033
2.7846317291259766
2.786816830635071
2.825841436386108
2.728878149986267
2.834952211380005
2.820326051712036
2.7706422853469848
2.8083545064926145
2.796879291534424
2.7842090368270873
2.8122389793395994
2.7864259481430054
2.80501335144043
2.822688331604004
2.7867438888549803
2.835174627304077
2.7660035562515257
2.7430198097229006
2.767942090034485
2.763510947227478
2.8500965356826784
2.788489565849304
2.8068278217315674
2.8170156860351563
2.832046847343445
2.773652014732361
2.8481631660461426
2.9280941390991213
2.8288838338851927
2.7419057178497312
2.7583351135253906
2.811639413833618
2.820520768165588
2.7521110582351684
2.7775672912597655
2.795964241027832
2.7885737085342406
2.7570149660110475
2.8498856353759767
2.810172266960144
2.8031893253326414
2.810628595352173
2.8007234287261964
2.7688660860061645
2.7627364683151243
2.77058256149292
2.7599345064163208
2.790479989051819
2.770679063796997
2.82258198261261
2.804123115539551
2.7996459341049196
2.8050669717788694
2.7701740217208863
2.761775951385498
2.8746003675460816
2.8132835102081297
2.794870128631592
2.7748846578598023
2.8447388362884523
2.802978320121765
2.8519787788391113
2.8242048740386965
2.7796049737930297
2.7793984174728394
2.7914498090744018
2.752677626609802
2.772574715614319
2.8239421796798707
2.7712123346328736
2.758950710296631
2.7963745403289795
2.8099527978897094
2.7778299617767335
2.830363392829895
2.8652751541137693
2.784934301376343
2.7620704698562624
2.922575445175171
2.73940167427063
2.8295121002197265
2.83918071269989
2.779897770881653
2.8010139751434324
2.8253003692626955
2.7290509223937987
2.7489975547790526
2.822310791015625
2.8150123739242554
2.815943145751953
2.886108021736145
2.7412909841537476
2.7873302459716798
2.753356318473816
2.7941900587081907
2.7766152954101564
2.7981314659118652
2.7893026304244994
2.8242628288269045
2.8221521186828613
2.783103179931641
2.7986785316467286
2.7795002365112307
2.7399587869644164
2.693347430229187
2.7955909156799317
2.7324118852615356
2.795744481086731
2.8496465158462523
2.8191923761367796
2.7276154232025145
2.8207397747039793
2.827120404243469
2.7709260320663454
2.846937017440796
2.755945158004761
2.805008897781372
2.780575795173645
2.7613636684417724
2.8108006429672243
2.848520712852478
2.757977256774902
2.8325498723983764
2.8297547721862792
2.839041633605957
2.7926599264144896
2.7704984617233275
2.8313373279571534
2.834073643684387
2.7774834871292113
2.787386989593506
2.8081164360046387
2.8037605476379395
2.7197535753250124
2.793280477523804
2.7982536602020263
2.810264377593994
2.84243510723114
2.789953546524048
2.7582890605926513
2.8043035888671874
2.762917175292969
2.7997281122207642
2.7739164209365845
2.8410205078125
2.8376056289672853
2.8433776569366453
2.7842693185806273
2.7427598905563353
2.8584422969818117
2.8204677629470827
2.859422845840454
2.756213736534119
2.775826029777527
2.7038890647888185
2.8096869707107546
2.7402349376678465
2.7368231439590454
2.749587907791138
2.8549153137207033
2.8128677463531493
2.801045842170715
2.7704316902160646
2.748263030052185
2.784664788246155
2.7801735305786135
2.754796404838562
2.750627889633179
2.7888985586166384
2.7902884006500246
2.7883162117004394
2.821916031837463
2.846332674026489
2.806183223724365
2.819698677062988
2.7997691822052
2.779764828681946
2.825322461128235
2.7361950206756593
2.767782835960388
2.8040103626251223
2.7062249898910524
2.792965302467346
2.83403968334198
2.7701487922668457
2.8388764524459837
2.875339822769165
2.80068124294281
2.764490828514099
2.812566108703613
2.7897762727737425
2.791032242774963
2.817603416442871
2.8052359056472778
2.7559958267211915
2.8042203855514525
2.73567910194397
2.8952106380462648
2.8906149816513063
2.712688570022583
2.8323250722885134
2.817668123245239
2.818617196083069
2.7367711734771727
2.826056408882141
2.770940690040588
2.765675883293152
2.848018879890442
2.708479166030884
2.877221565246582
2.807262864112854
2.786867370605469
2.778989162445068
2.837903389930725
2.7933406114578245
2.782397828102112
2.853015661239624
2.818231062889099
2.770185923576355
2.793416452407837
2.760181369781494
2.8372981119155884
2.7948055601119997
2.8542689943313597
2.784220561981201
2.7172318172454832
2.831562433242798
2.8846772813797
2.70414098739624
2.8072586345672605
2.796007866859436
2.7757044935226443
2.8332631015777587
2.862000093460083
2.8500993919372557
2.713764162063599
2.7703721284866334
2.876664423942566
2.8370240783691405
2.7543962717056276
2.8116487073898315
2.7555306911468507
2.7667769718170168
2.8606011152267454
2.730403280258179
2.780865640640259
2.7932006788253783
2.751164588928223
2.7811743211746216
2.862576274871826
2.7677441453933715
2.7589999341964724
2.8057673358917237
2.7497871494293213
2.750381808280945
2.802380475997925
2.791078143119812
2.886746907234192
2.776877784729004
2.7967221975326537
2.7638367128372194
2.756826286315918
2.889175686836243
2.787469091415405
2.787862787246704
2.736732578277588
2.809591221809387
2.836969633102417
2.6960976409912107
2.770256676673889
2.7933493566513063
2.7832457780838014
2.740819230079651
2.840592966079712
2.838268322944641
2.7951158618927003
2.7581895112991335
2.777414975166321
2.781195697784424
2.786629672050476
2.824895977973938
2.7709304094314575
2.806375422477722
2.7856943130493166
2.846663212776184
2.7621864557266234
2.7779100942611694
2.825977096557617
2.7623439979553224
2.8508643102645874
2.7920631408691405
2.756537938117981
2.7518532419204713
2.862012825012207
2.797522826194763
2.762593398094177
2.747585654258728
2.750999584197998
2.7914132261276245
2.769119505882263
2.7751372051239014
2.850396227836609
2.837359127998352
2.7819295930862427
2.7362486839294435
2.777194938659668
2.8455800914764406
2.83612361907959
2.7406200838088988
2.78151478767395
2.8031583642959594
2.748740029335022
2.7242431449890137
2.8613730096817016
2.7665130710601806
2.70538272857666
2.804927487373352
2.700507822036743
2.783431363105774
2.7860804176330567
2.8312742614746096
2.871319880485535
2.8645440101623536
2.851958599090576
2.805979747772217
2.748525171279907
2.7838919734954835
2.845757732391357
2.791617946624756
2.780266900062561
2.798676791191101
2.809702172279358
2.815136594772339
2.7619164609909057
2.7555948638916017
2.8217182970046997
2.857699503898621
2.7288710355758665
2.7726260662078857
2.811762990951538
2.8034842920303347
2.8482114362716673
2.870067529678345
2.828060393333435
2.7091476345062255
2.885604190826416
2.783380012512207
2.748185648918152
2.8167908000946045
2.7977496862411497
2.851243257522583
2.7977190732955934
2.870755672454834
2.7602806377410887
2.799656753540039
2.7885487699508666
2.751661295890808
2.848827633857727
2.842713499069214
2.7284271335601806
2.8053075742721556
2.806811270713806
2.8402884674072264
2.7643878507614135
2.796926918029785
2.7644804763793944
2.7646394109725954
2.8090364074707033
2.816600399017334
2.74507643699646
2.8355941152572632
2.822233967781067
2.7637778615951536
2.855923252105713
2.77038875579834
2.7105355501174926
2.8028692865371703
2.8200962018966673
2.8054663705825806
2.7678363704681397
2.8324300384521486
2.805696153640747
2.753157835006714
2.8132436895370483
2.752614130973816
2.7799879264831544
2.8432994985580446
2.7618861246109008
2.7748356533050536
2.8273791456222535
2.801264524459839
2.7888850927352906
2.809335021972656
2.836867527961731
2.805425934791565
2.867776131629944
2.7861045503616335
2.8139133787155153
2.806732249259949
2.772924690246582
2.7841122913360596
2.8145221614837648
2.776783103942871
2.757253713607788
2.8441648578643797
2.785028200149536
2.7988403034210205
2.8884018898010253
2.7681258296966553
2.7353109884262086
2.7960956287384033
2.7699535846710206
2.747436771392822
2.860026650428772
2.797170433998108
2.8384123468399047
2.7803704738616943
2.8209104442596438
2.799442114830017
2.825276942253113
2.905293822288513
2.786859669685364
2.801288194656372
2.8094840812683106
2.793876552581787
2.8043942785263063
2.7760003566741944
2.8158946990966798
